0,1,881,612,339,81,1,1,1,1
0,2,1289,606,137,35,1,1,1,1
1,3,1782,1029,200,43,1,1,1,1
1,4,2248,1007,109,37,1,1,1,1
2,3,1793,1030,196,41,1,1,1,1
2,4,2243,1007,111,38,1,1,1,1
3,3,1800,1030,199,41,1,1,1,1
3,4,2238,1007,110,37,1,1,1,1
4,3,1810,1030,196,41,1,1,1,1
4,4,2231,1007,109,37,1,1,1,1
5,3,1817,1030,199,41,1,1,1,1
5,4,2225,1008,109,37,1,1,1,1
6,3,1828,1030,193,41,1,1,1,1
6,4,2218,1007,111,38,1,1,1,1
7,3,1833,1029,197,42,1,1,1,1
7,4,2211,1006,113,39,1,1,1,1
8,3,1841,1030,193,40,1,1,1,1
8,4,2207,1007,110,38,1,1,1,1
9,3,1848,1029,194,41,1,1,1,1
9,4,2200,1008,110,37,1,1,1,1
10,3,1860,1030,184,39,1,1,1,1
10,4,2195,1009,107,36,1,1,1,1
11,3,1861,1028,195,41,1,1,1,1
11,4,2189,1009,107,37,1,1,1,1
12,3,1871,1029,190,40,1,1,1,1
12,4,2181,1009,110,37,1,1,1,1
13,3,1878,1030,192,40,1,1,1,1
13,4,2174,1009,112,38,1,1,1,1
14,3,1887,1030,190,39,1,1,1,1
14,4,2166,1009,114,38,1,1,1,1
15,3,1893,1030,191,39,1,1,1,1
15,4,2157,1009,117,39,1,1,1,1
16,3,1901,1029,188,39,1,1,1,1
16,4,2152,1009,114,39,1,1,1,1
17,3,1908,1029,188,39,1,1,1,1
17,4,2145,1008,115,39,1,1,1,1
18,3,1915,1028,188,39,1,1,1,1
18,4,2139,1009,115,39,1,1,1,1
19,3,1923,1029,185,38,1,1,1,1
19,4,2132,1009,115,39,1,1,1,1
20,3,1929,1028,187,39,1,1,1,1
20,4,2126,1009,114,39,1,1,1,1
21,3,1935,1028,190,39,1,1,1,1
21,4,2122,1010,109,37,1,1,1,1
22,3,1935,1028,190,39,1,1,1,1
22,4,2111,1008,115,39,1,1,1,1
23,3,1935,1028,190,39,1,1,1,1
23,4,2105,1009,115,39,1,1,1,1
24,3,1935,1028,190,39,1,1,1,1
24,4,2098,1009,115,39,1,1,1,1
25,3,1935,1028,190,39,1,1,1,1
25,4,2094,1009,114,39,1,1,1,1
26,3,1964,1025,191,39,1,1,1,1
26,4,2069,1008,122,40,1,1,1,1
27,3,1964,1025,191,39,1,1,1,1
27,4,2077,1008,115,39,1,1,1,1
28,3,1964,1025,191,39,1,1,1,1
28,4,2071,1009,115,39,1,1,1,1
29,3,1964,1025,191,39,1,1,1,1
29,4,2064,1009,115,39,1,1,1,1
30,3,1964,1025,191,39,1,1,1,1
30,4,2062,1009,114,39,1,1,1,1
31,3,1985,1019,204,42,1,1,1,1
31,4,2051,1008,119,39,1,1,1,1
32,3,1985,1019,204,42,1,1,1,1
32,4,2043,1008,115,39,1,1,1,1
33,3,1985,1019,204,42,1,1,1,1
33,4,2037,1009,115,39,1,1,1,1
34,3,1985,1019,204,42,1,1,1,1
34,4,2036,1009,115,39,1,1,1,1
35,3,1985,1019,204,42,1,1,1,1
35,4,2036,1009,115,39,1,1,1,1
36,3,2017,1018,202,43,1,1,1,1
36,4,2026,1008,117,39,1,1,1,1
37,3,2017,1018,202,43,1,1,1,1
37,4,2026,1008,117,39,1,1,1,1
38,3,2017,1018,202,43,1,1,1,1
38,4,2026,1008,117,39,1,1,1,1
39,3,2017,1018,202,43,1,1,1,1
39,4,2026,1008,117,39,1,1,1,1
40,3,2017,1018,202,43,1,1,1,1
40,4,2026,1008,117,39,1,1,1,1
41,3,2057,1022,190,40,1,1,1,1
41,4,1987,1011,121,39,1,1,1,1
42,3,2057,1022,190,40,1,1,1,1
42,4,1986,1011,121,39,1,1,1,1
43,3,2057,1022,190,40,1,1,1,1
43,4,1985,1011,121,39,1,1,1,1
44,3,2057,1022,190,40,1,1,1,1
44,4,1984,1011,121,39,1,1,1,1
45,3,2057,1022,190,40,1,1,1,1
45,4,1983,1011,121,39,1,1,1,1
46,3,2091,1023,186,40,1,1,1,1
46,4,1942,1012,127,41,1,1,1,1
47,3,2103,1023,190,41,1,1,1,1
47,4,1918,1013,135,43,1,1,1,1
48,3,2112,1022,187,41,1,1,1,1
48,4,1904,1013,137,43,1,1,1,1
49,3,2121,1021,190,42,1,1,1,1
49,4,1893,1011,142,46,1,1,1,1
50,3,2128,1021,189,42,1,1,1,1
50,4,1881,1010,148,48,1,1,1,1
51,3,2137,1022,181,41,1,1,1,1
51,4,1873,1011,146,46,1,1,1,1
52,3,2145,1022,178,41,1,1,1,1
52,4,1865,1011,146,46,1,1,1,1
53,3,2151,1021,179,41,1,1,1,1
53,4,1855,1010,149,47,1,1,1,1
54,3,2160,1021,176,41,1,1,1,1
54,4,1847,1011,147,46,1,1,1,1
55,3,2167,1022,174,40,1,1,1,1
55,4,1839,1013,146,45,1,1,1,1
56,3,2172,1021,175,41,1,1,1,1
56,4,1832,1014,143,43,1,1,1,1
57,3,2178,1021,175,41,1,1,1,1
57,4,1821,1015,144,43,1,1,1,1
58,3,2184,1021,172,41,1,1,1,1
58,4,1809,1014,149,44,1,1,1,1
59,3,2191,1021,170,40,1,1,1,1
59,4,1799,1013,151,45,1,1,1,1
60,3,2196,1020,171,41,1,1,1,1
60,4,1787,1014,155,45,1,1,1,1
61,3,2202,1020,171,41,1,1,1,1
61,4,1777,1014,155,45,1,1,1,1
62,3,2206,1018,178,43,1,1,1,1
62,4,1768,1015,156,45,1,1,1,1
63,3,2216,1019,169,41,1,1,1,1
63,4,1760,1016,156,44,1,1,1,1
64,3,2222,1018,169,41,1,1,1,1
64,4,1748,1015,158,45,1,1,1,1
65,1,1731,1017,173,41,1,1,1,1
65,3,2227,1018,170,42,1,1,1,1
65,4,1739,1015,158,45,1,1,1,1
66,1,1743,1025,170,40,1,1,1,1
66,3,2235,1018,165,41,1,1,1,1
66,4,1739,1015,158,45,1,1,1,1
67,1,1743,1025,170,40,1,1,1,1
67,3,2243,1018,163,41,1,1,1,1
67,4,1739,1015,158,45,1,1,1,1
68,1,1743,1025,170,40,1,1,1,1
68,3,2250,1019,161,39,1,1,1,1
68,4,1738,1015,158,45,1,1,1,1
69,1,1743,1025,170,40,1,1,1,1
69,3,2255,1019,162,39,1,1,1,1
69,4,1737,1015,158,45,1,1,1,1
70,1,1751,1030,167,39,1,1,1,1
70,3,2260,1017,164,40,1,1,1,1
70,4,1694,1013,172,49,1,1,1,1
71,1,1751,1030,167,39,1,1,1,1
71,3,2264,1016,165,41,1,1,1,1
71,4,1693,1013,172,49,1,1,1,1
72,1,1751,1030,167,39,1,1,1,1
72,3,2271,1017,163,40,1,1,1,1
72,4,1692,1013,172,49,1,1,1,1
73,1,1751,1030,167,39,1,1,1,1
73,3,2279,1018,159,39,1,1,1,1
73,4,1691,1013,172,49,1,1,1,1
74,1,1751,1030,167,39,1,1,1,1
74,3,2284,1017,160,40,1,1,1,1
74,4,1690,1013,172,49,1,1,1,1
75,1,1755,1032,164,38,1,1,1,1
75,3,2288,1016,163,40,1,1,1,1
75,4,1644,1013,175,49,1,1,1,1
76,1,1755,1032,164,38,1,1,1,1
76,3,2297,1017,156,39,1,1,1,1
76,4,1644,1013,175,49,1,1,1,1
77,1,1755,1032,164,38,1,1,1,1
77,3,2305,1017,153,38,1,1,1,1
77,4,1644,1013,175,49,1,1,1,1
78,1,1755,1032,164,38,1,1,1,1
78,3,2310,1017,152,38,1,1,1,1
78,4,1644,1013,175,49,1,1,1,1
79,1,1755,1032,164,38,1,1,1,1
79,3,2317,1018,149,37,1,1,1,1
79,4,1644,1013,175,49,1,1,1,1
80,1,1758,1033,161,38,1,1,1,1
80,3,2323,1018,149,37,1,1,1,1
80,4,1589,1014,178,49,1,1,1,1
81,1,1758,1033,161,38,1,1,1,1
81,3,2326,1017,154,38,1,1,1,1
81,4,1588,1014,178,49,1,1,1,1
82,1,1758,1033,161,38,1,1,1,1
82,3,2334,1018,149,37,1,1,1,1
82,4,1587,1014,178,49,1,1,1,1
83,1,1758,1033,161,38,1,1,1,1
83,3,2337,1017,155,38,1,1,1,1
83,4,1586,1014,178,49,1,1,1,1
84,1,1758,1033,161,38,1,1,1,1
84,3,2344,1017,151,37,1,1,1,1
84,4,1585,1014,178,49,1,1,1,1
85,1,1758,1034,161,37,1,1,1,1
85,3,2347,1016,156,39,1,1,1,1
85,4,1525,1014,186,51,1,1,1,1
86,3,2351,1015,157,39,1,1,1,1
86,4,1495,1013,192,53,1,1,1,1
87,3,2357,1015,157,39,1,1,1,1
87,4,1481,1017,185,49,1,1,1,1
88,3,2361,1014,162,40,1,1,1,1
88,4,1463,1016,191,51,1,1,1,1
89,3,2368,1014,160,40,1,1,1,1
89,4,1452,1018,189,49,1,1,1,1
90,3,2375,1015,156,39,1,1,1,1
90,4,1433,1016,199,52,1,1,1,1
91,3,2380,1015,155,39,1,1,1,1
91,4,1417,1014,205,54,1,1,1,1
92,3,2387,1016,152,38,1,1,1,1
92,4,1400,1013,211,54,1,1,1,1
93,3,2393,1015,153,38,1,1,1,1
93,4,1386,1012,213,55,1,1,1,1
94,3,2397,1014,155,39,1,1,1,1
94,4,1373,1013,213,55,1,1,1,1
95,3,2406,1015,149,37,1,1,1,1
95,4,1360,1014,212,54,1,1,1,1
96,3,2411,1015,148,38,1,1,1,1
96,4,1346,1014,213,55,1,1,1,1
97,3,2417,1015,142,37,1,1,1,1
97,4,1334,1015,213,53,1,1,1,1
98,3,2421,1014,138,37,1,1,1,1
98,4,1318,1016,213,53,1,1,1,1
99,3,2423,1014,136,37,1,1,1,1
99,4,1306,1017,209,52,1,1,1,1
100,3,2423,1011,136,40,1,1,1,1
100,4,1290,1018,212,52,1,1,1,1
101,3,2426,1010,133,41,1,1,1,1
101,4,1277,1020,209,50,1,1,1,1
102,3,2428,1009,131,42,1,1,1,1
102,4,1261,1020,213,51,1,1,1,1
103,3,2432,1007,127,43,1,1,1,1
103,4,1245,1020,216,51,1,1,1,1
104,3,2438,1007,121,43,1,1,1,1
104,4,1228,1020,221,51,1,1,1,1
105,3,2443,1008,116,41,1,1,1,1
105,4,1210,1020,225,52,1,1,1,1
105,5,10,1013,61,81,1,1,1,1
106,3,2451,1008,108,40,1,1,1,1
106,4,1195,1020,227,52,1,1,1,1
106,5,16,1014,61,81,1,1,1,1
107,3,2455,1007,104,40,1,1,1,1
107,4,1174,1017,237,54,1,1,1,1
107,5,28,1016,62,78,1,1,1,1
108,3,2459,1006,100,42,1,1,1,1
108,4,1157,1016,241,55,1,1,1,1
108,5,39,1018,64,75,1,1,1,1
109,3,2461,1004,98,45,1,1,1,1
109,4,1141,1018,242,54,1,1,1,1
109,5,48,1017,68,74,1,1,1,1
110,3,2464,1002,95,48,1,1,1,1
110,4,1126,1018,240,53,1,1,1,1
110,5,56,1015,75,74,1,1,1,1
111,3,2468,1001,91,49,1,1,1,1
111,4,1109,1018,243,54,1,1,1,1
111,5,61,1013,86,76,1,1,1,1
112,3,2474,1001,85,47,1,1,1,1
112,4,1085,1016,259,57,1,1,1,1
112,5,68,1013,95,76,1,1,1,1
113,3,2476,1000,83,46,1,1,1,1
113,4,1070,1016,257,57,1,1,1,1
113,5,73,1014,107,76,1,1,1,1
114,3,2478,1001,81,43,1,1,1,1
114,4,1053,1017,259,57,1,1,1,1
114,5,75,1010,127,82,1,1,1,1
115,3,2480,1001,79,40,1,1,1,1
115,4,1036,1018,259,56,1,1,1,1
115,5,80,1009,141,83,1,1,1,1
116,3,2479,1001,80,39,1,1,1,1
116,4,1016,1018,264,57,1,1,1,1
116,5,82,1007,160,85,1,1,1,1
117,3,2472,1000,85,38,1,1,1,1
117,4,1002,1019,261,57,1,1,1,1
117,5,82,1003,184,91,1,1,1,1
118,3,2469,999,85,38,1,1,1,1
118,4,988,1020,256,55,1,1,1,1
118,5,93,1013,185,82,1,1,1,1
119,3,2465,1000,86,38,1,1,1,1
119,4,972,1020,257,55,1,1,1,1
119,5,107,1019,191,76,1,1,1,1
120,3,2464,1001,83,36,1,1,1,1
120,4,951,1018,263,56,1,1,1,1
120,5,115,1019,207,76,1,1,1,1
121,3,2460,1002,81,34,1,1,1,1
121,4,931,1018,269,57,1,1,1,1
121,5,132,1021,215,74,1,1,1,1
122,3,2454,1003,82,34,1,1,1,1
122,4,908,1017,274,58,1,1,1,1
122,5,153,1022,226,72,1,1,1,1
123,3,2448,1003,84,34,1,1,1,1
123,4,884,1015,285,60,1,1,1,1
123,5,172,1022,236,71,1,1,1,1
124,3,2442,1004,87,34,1,1,1,1
124,4,867,1015,285,60,1,1,1,1
124,5,190,1023,247,71,1,1,1,1
125,3,2437,1003,91,35,1,1,1,1
125,4,849,1014,289,61,1,1,1,1
125,5,209,1023,257,71,1,1,1,1
126,3,2432,1004,90,34,1,1,1,1
126,4,833,1015,285,59,1,1,1,1
126,5,224,1024,266,71,1,1,1,1
127,3,2425,1003,93,35,1,1,1,1
127,4,809,1014,292,61,1,1,1,1
127,5,243,1024,274,71,1,1,1,1
128,3,2419,1003,98,36,1,1,1,1
128,4,792,1014,292,62,1,1,1,1
128,5,259,1024,285,72,1,1,1,1
129,3,2414,1002,99,36,1,1,1,1
129,4,771,1015,292,61,1,1,1,1
129,5,280,1025,283,70,1,1,1,1
130,3,2409,1003,99,35,1,1,1,1
130,4,749,1013,300,63,1,1,1,1
130,5,301,1027,283,68,1,1,1,1
131,3,2404,1004,97,34,1,1,1,1
131,4,728,1012,306,64,1,1,1,1
131,5,319,1025,292,70,1,1,1,1
132,3,2398,1004,97,34,1,1,1,1
132,4,709,1012,303,63,1,1,1,1
132,5,333,1024,302,71,1,1,1,1
133,3,2392,1005,98,34,1,1,1,1
133,4,693,1013,292,61,1,1,1,1
133,5,357,1026,295,68,1,1,1,1
134,3,2385,1005,102,35,1,1,1,1
134,4,651,1010,306,63,1,1,1,1
134,5,379,1027,297,67,1,1,1,1
135,3,2379,1004,105,36,1,1,1,1
135,4,651,1009,306,63,1,1,1,1
135,5,406,1030,283,68,1,1,1,1
136,3,2375,1005,103,35,1,1,1,1
136,4,651,1008,306,63,1,1,1,1
136,5,427,1026,292,70,1,1,1,1
137,3,2371,1005,102,35,1,1,1,1
137,4,614,1011,303,63,1,1,1,1
137,5,437,1024,302,71,1,1,1,1
138,3,2364,1005,103,35,1,1,1,1
138,4,594,1011,292,61,1,1,1,1
138,5,460,1026,295,68,1,1,1,1
139,3,2356,1004,108,37,1,1,1,1
139,4,575,1009,300,62,1,1,1,1
139,5,481,1024,304,70,1,1,1,1
140,3,2349,1004,111,37,1,1,1,1
140,4,575,1009,300,62,1,1,1,1
140,5,511,1033,283,68,1,1,1,1
141,3,2343,1004,111,37,1,1,1,1
141,4,574,1009,300,62,1,1,1,1
141,5,535,1027,292,70,1,1,1,1
142,3,2338,1004,111,37,1,1,1,1
142,4,573,1009,300,62,1,1,1,1
142,5,541,1024,302,71,1,1,1,1
143,3,2335,1005,109,36,1,1,1,1
143,4,572,1009,300,62,1,1,1,1
143,5,563,1026,295,68,1,1,1,1
144,3,2329,1005,109,37,1,1,1,1
144,4,483,1007,309,64,1,1,1,1
144,5,570,1022,309,72,1,1,1,1
145,3,2322,1005,111,36,1,1,1,1
145,4,483,1007,309,64,1,1,1,1
145,5,616,1036,283,68,1,1,1,1
146,3,2315,1004,115,38,1,1,1,1
146,4,482,1007,309,64,1,1,1,1
146,5,643,1028,292,70,1,1,1,1
147,3,2309,1003,117,39,1,1,1,1
147,4,481,1007,309,64,1,1,1,1
147,5,645,1024,302,71,1,1,1,1
148,3,2303,1003,118,39,1,1,1,1
148,4,480,1007,309,64,1,1,1,1
148,5,666,1026,295,68,1,1,1,1
149,3,2296,1003,118,39,1,1,1,1
149,4,382,1009,315,64,1,1,1,1
149,5,678,1026,290,67,1,1,1,1
150,3,2289,1002,123,41,1,1,1,1
150,4,382,1009,315,64,1,1,1,1
150,5,721,1039,283,68,1,1,1,1
151,3,2283,1002,123,41,1,1,1,1
151,4,323,1012,311,63,1,1,1,1
151,5,716,1029,290,67,1,1,1,1
152,3,2279,1003,119,39,1,1,1,1
152,4,285,1012,318,63,1,1,1,1
152,5,731,1028,285,65,1,1,1,1
153,3,2272,1002,121,41,1,1,1,1
153,4,251,1009,334,67,1,1,1,1
153,5,743,1026,296,68,1,1,1,1
154,3,2265,1003,121,40,1,1,1,1
154,4,226,1008,340,68,1,1,1,1
154,5,759,1025,299,69,1,1,1,1
155,3,2259,1004,122,40,1,1,1,1
155,4,203,1009,335,66,1,1,1,1
155,5,780,1026,290,68,1,1,1,1
156,3,2252,1004,124,41,1,1,1,1
156,4,186,1011,322,63,1,1,1,1
156,5,804,1028,281,65,1,1,1,1
157,3,2246,1004,124,41,1,1,1,1
157,4,166,1014,317,60,1,1,1,1
157,5,818,1026,286,66,1,1,1,1
158,3,2241,1005,122,41,1,1,1,1
158,4,136,1012,330,63,1,1,1,1
158,5,840,1026,281,65,1,1,1,1
159,3,2236,1006,121,40,1,1,1,1
159,4,114,1012,328,62,1,1,1,1
159,5,855,1026,283,66,1,1,1,1
160,3,2230,1007,120,39,1,1,1,1
160,4,84,1010,343,64,1,1,1,1
160,5,871,1025,286,66,1,1,1,1
161,3,2222,1006,123,40,1,1,1,1
161,4,51,1007,356,67,1,1,1,1
161,5,885,1024,285,67,1,1,1,1
162,3,2215,1005,124,41,1,1,1,1
162,4,18,1002,376,71,1,1,1,1
162,5,903,1025,280,65,1,1,1,1
163,3,2210,1006,123,40,1,1,1,1
163,4,0,998,383,76,1,1,1,1
163,5,919,1024,283,67,1,1,1,1
164,3,2202,1005,126,41,1,1,1,1
164,4,0,993,370,78,1,1,1,1
164,5,937,1025,281,66,1,1,1,1
165,3,2195,1005,126,41,1,1,1,1
165,4,0,991,355,80,1,1,1,1
165,5,953,1025,282,67,1,1,1,1
166,3,2190,1006,124,40,1,1,1,1
166,4,0,992,331,78,1,1,1,1
166,5,973,1026,273,66,1,1,1,1
167,3,2183,1007,125,39,1,1,1,1
167,4,0,992,315,78,1,1,1,1
167,5,986,1025,279,67,1,1,1,1
168,3,2176,1008,124,39,1,1,1,1
168,4,0,991,300,79,1,1,1,1
168,5,1004,1025,276,67,1,1,1,1
169,3,2168,1008,127,39,1,1,1,1
169,4,0,991,284,80,1,1,1,1
169,5,1019,1025,276,67,1,1,1,1
170,3,2155,1005,138,44,1,1,1,1
170,4,0,990,271,82,1,1,1,1
170,5,1032,1025,278,67,1,1,1,1
171,3,2149,1006,137,43,1,1,1,1
171,4,0,991,248,81,1,1,1,1
171,5,1051,1025,272,67,1,1,1,1
172,3,2143,1005,137,43,1,1,1,1
172,4,0,992,225,80,1,1,1,1
172,5,1067,1025,270,67,1,1,1,1
173,3,2135,1006,138,43,1,1,1,1
173,4,0,993,203,79,1,1,1,1
173,5,1085,1026,263,65,1,1,1,1
174,3,2125,1005,144,45,1,1,1,1
174,4,0,990,195,86,1,1,1,1
174,5,1099,1025,265,66,1,1,1,1
175,3,2117,1004,146,46,1,1,1,1
175,4,0,989,181,87,1,1,1,1
175,5,1115,1024,263,65,1,1,1,1
176,3,2112,1005,141,44,1,1,1,1
176,5,1128,1024,263,65,1,1,1,1
176,6,0,1015,53,55,1,1,1,1
176,7,2515,1005,44,33,1,1,1,1
177,3,2106,1006,139,43,1,1,1,1
177,5,1143,1023,264,66,1,1,1,1
177,6,0,1005,46,68,1,1,1,1
177,7,2513,1006,42,32,1,1,1,1
178,3,2099,1007,137,42,1,1,1,1
178,5,1157,1022,265,67,1,1,1,1
178,6,0,1002,40,72,1,1,1,1
178,7,2511,1006,42,31,1,1,1,1
179,3,2091,1006,139,43,1,1,1,1
179,5,1170,1021,265,68,1,1,1,1
179,7,2507,1006,43,31,1,1,1,1
180,3,2083,1005,143,45,1,1,1,1
180,5,1186,1021,263,68,1,1,1,1
180,7,2504,1008,40,28,1,1,1,1
181,3,2077,1007,140,43,1,1,1,1
181,5,1202,1022,257,67,1,1,1,1
181,7,2500,1009,41,27,1,1,1,1
182,3,2068,1007,142,43,1,1,1,1
182,5,1219,1022,253,67,1,1,1,1
182,7,2496,1010,40,26,1,1,1,1
183,3,2058,1006,146,44,1,1,1,1
183,5,1233,1023,248,65,1,1,1,1
183,7,2491,1011,41,25,1,1,1,1
184,3,2050,1006,149,45,1,1,1,1
184,5,1251,1023,241,64,1,1,1,1
184,7,2485,1011,42,25,1,1,1,1
185,3,2044,1007,146,44,1,1,1,1
185,5,1267,1023,237,63,1,1,1,1
185,7,2480,1011,44,25,1,1,1,1
186,3,2038,1008,145,43,1,1,1,1
186,5,1282,1024,233,62,1,1,1,1
186,7,2473,1010,47,26,1,1,1,1
187,3,2030,1008,145,43,1,1,1,1
187,5,1293,1023,236,63,1,1,1,1
187,7,2467,1010,48,26,1,1,1,1
188,3,2022,1009,146,43,1,1,1,1
188,5,1305,1023,236,63,1,1,1,1
188,7,2460,1010,50,26,1,1,1,1
189,3,2011,1009,149,43,1,1,1,1
189,5,1316,1021,245,66,1,1,1,1
189,7,2453,1010,54,27,1,1,1,1
190,3,2002,1008,150,44,1,1,1,1
190,5,1327,1019,248,68,1,1,1,1
190,7,2448,1010,54,27,1,1,1,1
191,3,1994,1008,151,44,1,1,1,1
191,5,1341,1019,245,68,1,1,1,1
191,7,2442,1011,54,26,1,1,1,1
191,8,7,1001,131,92,1,1,1,1
192,3,1985,1008,154,45,1,1,1,1
192,5,1357,1020,239,67,1,1,1,1
192,7,2437,1011,55,26,1,1,1,1
192,8,13,997,140,97,1,1,1,1
193,3,1975,1009,156,45,1,1,1,1
193,5,1373,1021,229,65,1,1,1,1
193,7,2432,1011,55,26,1,1,1,1
193,8,29,1006,129,88,1,1,1,1
194,3,1965,1009,159,45,1,1,1,1
194,5,1384,1021,232,65,1,1,1,1
194,7,2427,1013,54,24,1,1,1,1
194,8,41,1008,130,86,1,1,1,1
195,3,1955,1008,163,46,1,1,1,1
195,5,1399,1021,227,64,1,1,1,1
195,7,2420,1012,56,25,1,1,1,1
195,8,48,1008,138,87,1,1,1,1
196,3,1946,1008,164,47,1,1,1,1
196,5,1415,1022,220,63,1,1,1,1
196,7,2415,1012,57,25,1,1,1,1
196,8,59,1013,137,82,1,1,1,1
197,3,1936,1008,168,47,1,1,1,1
197,5,1428,1022,218,62,1,1,1,1
197,7,2410,1012,58,25,1,1,1,1
197,8,71,1015,140,78,1,1,1,1
198,3,1926,1008,169,48,1,1,1,1
198,5,1446,1023,206,59,1,1,1,1
198,7,2404,1012,60,25,1,1,1,1
198,8,73,1007,160,83,1,1,1,1
199,3,1915,1007,172,49,1,1,1,1
199,5,1460,1024,203,57,1,1,1,1
199,7,2397,1013,60,25,1,1,1,1
199,8,86,1018,157,75,1,1,1,1
200,3,1906,1008,173,49,1,1,1,1
200,5,1470,1022,209,59,1,1,1,1
200,7,2391,1013,62,25,1,1,1,1
200,8,98,1025,160,69,1,1,1,1
201,3,1897,1008,174,49,1,1,1,1
201,5,1485,1022,205,58,1,1,1,1
201,7,2385,1012,62,25,1,1,1,1
201,8,109,1024,172,67,1,1,1,1
202,3,1889,1009,175,49,1,1,1,1
202,5,1496,1021,207,58,1,1,1,1
202,7,2378,1011,65,27,1,1,1,1
202,8,124,1031,170,60,1,1,1,1
203,3,1877,1009,178,49,1,1,1,1
203,5,1508,1019,209,60,1,1,1,1
203,7,2373,1011,66,27,1,1,1,1
203,8,126,1034,181,57,1,1,1,1
204,3,1866,1008,182,50,1,1,1,1
204,5,1524,1021,201,57,1,1,1,1
204,7,2366,1012,68,27,1,1,1,1
204,8,156,1039,182,52,1,1,1,1
205,3,1855,1007,187,52,1,1,1,1
205,5,1532,1020,208,59,1,1,1,1
205,7,2360,1013,68,26,1,1,1,1
205,8,179,1039,191,50,1,1,1,1
206,3,1845,1007,185,52,1,1,1,1
206,5,1542,1018,211,60,1,1,1,1
206,7,2355,1013,67,26,1,1,1,1
206,8,195,1037,209,52,1,1,1,1
207,3,1836,1008,185,51,1,1,1,1
207,5,1554,1019,207,60,1,1,1,1
207,8,224,1040,212,50,1,1,1,1
208,3,1828,1008,182,51,1,1,1,1
208,5,1566,1018,210,61,1,1,1,1
208,7,2343,1013,69,27,1,1,1,1
208,8,236,1038,233,53,1,1,1,1
209,3,1816,1008,186,51,1,1,1,1
209,5,1580,1020,204,58,1,1,1,1
209,7,2338,1014,68,26,1,1,1,1
209,8,243,1033,261,59,1,1,1,1
210,3,1809,1009,182,50,1,1,1,1
210,5,1595,1021,200,57,1,1,1,1
210,7,2331,1015,69,25,1,1,1,1
210,8,265,1037,252,54,1,1,1,1
211,3,1802,1010,177,48,1,1,1,1
211,5,1603,1020,205,59,1,1,1,1
211,7,2326,1016,69,25,1,1,1,1
211,8,289,1040,243,51,1,1,1,1
212,3,1802,1010,177,48,1,1,1,1
212,5,1603,1020,205,59,1,1,1,1
212,7,2320,1015,69,25,1,1,1,1
212,8,308,1043,236,47,1,1,1,1
213,3,1802,1010,177,48,1,1,1,1
213,5,1603,1020,205,59,1,1,1,1
213,7,2314,1016,68,25,1,1,1,1
213,8,319,1041,257,51,1,1,1,1
214,3,1802,1010,177,48,1,1,1,1
214,5,1603,1020,205,59,1,1,1,1
214,7,2308,1017,67,24,1,1,1,1
214,8,341,1042,250,49,1,1,1,1
215,3,1801,1010,177,48,1,1,1,1
215,5,1603,1020,205,59,1,1,1,1
215,7,2299,1015,73,26,1,1,1,1
215,8,358,1042,262,50,1,1,1,1
216,3,1777,1011,167,44,1,1,1,1
216,5,1649,1021,193,56,1,1,1,1
216,7,2292,1015,75,27,1,1,1,1
216,8,365,1038,288,54,1,1,1,1
217,3,1776,1011,167,44,1,1,1,1
217,5,1649,1021,193,56,1,1,1,1
217,7,2285,1015,78,28,1,1,1,1
217,8,379,1035,304,58,1,1,1,1
218,3,1775,1011,167,44,1,1,1,1
218,5,1649,1021,193,56,1,1,1,1
218,7,2277,1014,82,29,1,1,1,1
218,8,399,1036,305,57,1,1,1,1
219,3,1774,1011,167,44,1,1,1,1
219,5,1649,1021,193,56,1,1,1,1
219,7,2268,1012,88,32,1,1,1,1
219,8,425,1038,294,54,1,1,1,1
220,3,1773,1011,167,44,1,1,1,1
220,5,1649,1021,193,56,1,1,1,1
220,7,2261,1012,91,33,1,1,1,1
220,8,447,1037,291,54,1,1,1,1
221,3,1767,1011,163,43,1,1,1,1
221,5,1689,1018,202,58,1,1,1,1
221,7,2255,1012,91,34,1,1,1,1
221,8,461,1036,298,55,1,1,1,1
222,3,1767,1011,163,43,1,1,1,1
222,5,1689,1018,202,58,1,1,1,1
222,7,2250,1013,87,33,1,1,1,1
222,8,481,1039,296,54,1,1,1,1
223,3,1767,1011,163,43,1,1,1,1
223,5,1689,1018,202,58,1,1,1,1
223,7,2244,1013,86,33,1,1,1,1
223,8,496,1037,308,56,1,1,1,1
224,3,1767,1011,163,43,1,1,1,1
224,5,1689,1018,202,58,1,1,1,1
224,7,2238,1013,85,33,1,1,1,1
224,8,516,1037,308,56,1,1,1,1
225,3,1767,1011,163,43,1,1,1,1
225,5,1689,1018,202,58,1,1,1,1
225,7,2234,1014,82,31,1,1,1,1
225,8,539,1038,304,55,1,1,1,1
226,3,1761,1013,198,54,1,1,1,1
226,5,1675,1012,198,54,1,1,1,1
226,7,2227,1014,82,31,1,1,1,1
226,8,557,1037,309,56,1,1,1,1
227,3,1761,1013,198,54,1,1,1,1
227,5,1675,1012,198,54,1,1,1,1
227,7,2218,1013,86,32,1,1,1,1
227,8,570,1035,320,59,1,1,1,1
228,3,1761,1013,198,54,1,1,1,1
228,5,1675,1012,198,54,1,1,1,1
228,7,2210,1011,89,34,1,1,1,1
228,8,588,1037,317,58,1,1,1,1
229,3,1761,1013,198,54,1,1,1,1
229,5,1675,1012,198,54,1,1,1,1
229,7,2205,1012,87,33,1,1,1,1
229,8,606,1035,319,60,1,1,1,1
230,3,1761,1013,198,54,1,1,1,1
230,5,1675,1012,198,54,1,1,1,1
230,7,2199,1013,85,33,1,1,1,1
230,8,630,1033,322,61,1,1,1,1
231,3,1795,1014,207,57,1,1,1,1
231,5,1608,1010,202,55,1,1,1,1
231,7,2193,1015,83,32,1,1,1,1
231,8,659,1036,299,57,1,1,1,1
232,3,1795,1014,207,57,1,1,1,1
232,5,1608,1010,202,55,1,1,1,1
232,7,2188,1016,80,31,1,1,1,1
232,8,682,1038,290,55,1,1,1,1
233,3,1795,1014,207,57,1,1,1,1
233,5,1608,1010,202,55,1,1,1,1
233,7,2181,1017,78,29,1,1,1,1
233,8,702,1038,290,55,1,1,1,1
234,3,1795,1014,207,57,1,1,1,1
234,5,1608,1010,202,55,1,1,1,1
234,7,2171,1016,84,32,1,1,1,1
235,3,1795,1014,207,57,1,1,1,1
235,5,1608,1010,202,55,1,1,1,1
235,7,2164,1016,83,31,1,1,1,1
235,9,736,1030,256,56,1,1,1,1
236,3,1852,1016,194,54,1,1,1,1
236,5,1544,1011,196,53,1,1,1,1
236,7,2158,1018,81,30,1,1,1,1
236,8,755,1036,273,52,1,1,1,1
236,9,742,1031,249,55,1,1,1,1
237,3,1879,1016,192,53,1,1,1,1
237,5,1509,1013,199,52,1,1,1,1
237,7,2152,1018,79,29,1,1,1,1
237,8,774,1036,271,51,1,1,1,1
238,3,1896,1016,190,53,1,1,1,1
238,5,1486,1012,204,53,1,1,1,1
238,7,2144,1018,81,30,1,1,1,1
239,3,1907,1016,192,54,1,1,1,1
239,5,1466,1011,213,55,1,1,1,1
239,7,2139,1019,77,29,1,1,1,1
239,10,815,1033,252,53,1,1,1,1
240,3,1921,1016,187,53,1,1,1,1
240,5,1449,1010,220,56,1,1,1,1
240,7,2131,1020,81,29,1,1,1,1
240,8,831,1036,265,50,1,1,1,1
240,10,820,1033,249,53,1,1,1,1
241,3,1930,1015,189,54,1,1,1,1
241,5,1431,1009,229,58,1,1,1,1
241,7,2124,1019,81,30,1,1,1,1
241,8,831,1036,265,50,1,1,1,1
241,10,820,1033,249,53,1,1,1,1
242,3,1945,1017,181,51,1,1,1,1
242,5,1417,1010,230,58,1,1,1,1
242,7,2100,1016,92,33,1,1,1,1
242,8,831,1036,265,50,1,1,1,1
242,10,820,1033,249,53,1,1,1,1
243,3,1945,1017,181,51,1,1,1,1
243,5,1399,1008,239,60,1,1,1,1
243,7,2100,1016,92,33,1,1,1,1
243,8,831,1036,265,50,1,1,1,1
243,10,820,1033,249,53,1,1,1,1
244,3,1945,1017,181,51,1,1,1,1
244,5,1383,1008,240,60,1,1,1,1
244,7,2100,1016,92,33,1,1,1,1
244,8,831,1036,265,50,1,1,1,1
244,10,820,1033,249,53,1,1,1,1
245,3,1945,1017,181,51,1,1,1,1
245,5,1370,1009,240,60,1,1,1,1
245,7,2100,1016,92,33,1,1,1,1
245,8,882,1031,276,53,1,1,1,1
245,10,821,1032,248,53,1,1,1,1
246,3,1945,1017,181,51,1,1,1,1
246,5,1356,1008,244,60,1,1,1,1
246,7,2100,1016,92,33,1,1,1,1
246,8,882,1031,276,53,1,1,1,1
246,10,821,1032,248,53,1,1,1,1
247,3,1983,1015,182,52,1,1,1,1
247,5,1343,1009,243,60,1,1,1,1
247,7,2090,1015,93,33,1,1,1,1
247,8,882,1031,276,53,1,1,1,1
247,10,821,1032,248,53,1,1,1,1
248,3,1983,1015,182,52,1,1,1,1
248,5,1330,1009,243,60,1,1,1,1
248,8,882,1031,276,53,1,1,1,1
248,10,821,1032,248,53,1,1,1,1
249,3,2011,1015,178,50,1,1,1,1
249,5,1317,1011,240,59,1,1,1,1
249,8,882,1031,276,53,1,1,1,1
249,10,821,1032,248,53,1,1,1,1
250,3,2027,1014,178,51,1,1,1,1
250,5,1305,1012,237,57,1,1,1,1
250,8,955,1032,274,53,1,1,1,1
250,10,821,1031,249,53,1,1,1,1
251,3,2037,1013,183,53,1,1,1,1
251,5,1293,1013,235,56,1,1,1,1
251,8,955,1032,274,53,1,1,1,1
251,10,821,1031,249,53,1,1,1,1
252,3,2046,1013,182,52,1,1,1,1
252,5,1276,1014,235,56,1,1,1,1
252,8,955,1032,274,53,1,1,1,1
252,10,821,1031,249,53,1,1,1,1
253,3,2059,1014,179,51,1,1,1,1
253,5,1180,1014,271,60,1,1,1,1
253,8,955,1032,274,53,1,1,1,1
253,10,821,1031,249,53,1,1,1,1
254,3,2070,1013,178,51,1,1,1,1
254,5,1180,1014,271,60,1,1,1,1
254,8,955,1032,274,53,1,1,1,1
254,10,821,1031,249,53,1,1,1,1
255,3,2081,1014,173,49,1,1,1,1
255,5,1180,1014,271,60,1,1,1,1
255,8,972,1031,274,53,1,1,1,1
255,10,820,1030,249,53,1,1,1,1
256,3,2089,1013,177,51,1,1,1,1
256,5,1180,1014,271,60,1,1,1,1
256,8,972,1031,274,53,1,1,1,1
256,10,820,1030,249,53,1,1,1,1
256,12,1988,1017,127,35,1,1,1,1
257,3,2089,1013,177,51,1,1,1,1
257,5,1180,1014,271,60,1,1,1,1
257,8,972,1031,274,53,1,1,1,1
257,10,820,1030,249,53,1,1,1,1
257,12,1983,1017,125,35,1,1,1,1
258,3,2089,1013,177,51,1,1,1,1
258,5,1133,1016,286,64,1,1,1,1
258,8,972,1031,274,53,1,1,1,1
258,10,820,1030,249,53,1,1,1,1
258,12,1983,1017,125,35,1,1,1,1
259,3,2089,1013,177,51,1,1,1,1
259,5,1133,1016,286,64,1,1,1,1
259,8,972,1031,274,53,1,1,1,1
259,10,820,1030,249,53,1,1,1,1
259,12,1983,1017,125,35,1,1,1,1
260,3,2089,1013,177,51,1,1,1,1
260,5,1072,1018,271,60,1,1,1,1
260,8,983,1030,274,53,1,1,1,1
260,10,819,1029,249,53,1,1,1,1
260,12,1983,1017,125,35,1,1,1,1
261,3,2127,1012,173,50,1,1,1,1
261,5,1085,1017,271,60,1,1,1,1
261,8,983,1030,274,53,1,1,1,1
261,10,819,1029,249,53,1,1,1,1
261,12,1958,1022,112,31,1,1,1,1
262,3,2147,1012,170,50,1,1,1,1
262,5,1102,1016,271,60,1,1,1,1
262,8,983,1030,274,53,1,1,1,1
262,10,819,1029,249,53,1,1,1,1
262,12,1944,1024,107,30,1,1,1,1
263,3,2163,1013,164,48,1,1,1,1
263,5,1074,1016,270,61,1,1,1,1
263,8,983,1030,274,53,1,1,1,1
263,10,819,1029,249,53,1,1,1,1
263,12,1935,1025,102,29,1,1,1,1
264,3,2174,1014,164,47,1,1,1,1
264,8,983,1030,274,53,1,1,1,1
264,9,1091,1020,291,63,1,1,1,1
264,10,819,1029,249,53,1,1,1,1
264,12,1926,1025,102,29,1,1,1,1
265,3,2184,1013,165,48,1,1,1,1
265,8,990,1029,274,53,1,1,1,1
265,9,1103,1019,292,64,1,1,1,1
265,10,818,1028,249,53,1,1,1,1
265,12,1916,1026,104,29,1,1,1,1
266,3,2193,1011,167,50,1,1,1,1
266,8,990,1029,274,53,1,1,1,1
266,9,1103,1019,292,64,1,1,1,1
266,12,1906,1025,106,30,1,1,1,1
267,3,2203,1011,167,49,1,1,1,1
267,8,990,1029,274,53,1,1,1,1
267,9,1103,1019,292,64,1,1,1,1
267,12,1896,1024,110,31,1,1,1,1
268,3,2211,1009,168,51,1,1,1,1
268,8,990,1029,274,53,1,1,1,1
268,9,1103,1019,292,64,1,1,1,1
268,12,1887,1024,110,32,1,1,1,1
269,3,2223,1011,162,49,1,1,1,1
269,8,990,1029,274,53,1,1,1,1
269,9,1120,1018,293,64,1,1,1,1
269,12,1878,1024,108,31,1,1,1,1
270,3,2231,1010,164,49,1,1,1,1
270,5,965,1013,289,64,1,1,1,1
270,8,994,1028,275,53,1,1,1,1
270,9,1120,1018,293,64,1,1,1,1
270,12,1868,1024,109,32,1,1,1,1
270,13,1320,1025,208,55,1,1,1,1
271,3,2243,1010,159,49,1,1,1,1
271,5,950,1013,290,64,1,1,1,1
271,8,994,1028,275,53,1,1,1,1
271,9,1120,1018,293,64,1,1,1,1
271,12,1856,1023,113,33,1,1,1,1
271,13,1321,1024,211,57,1,1,1,1
272,3,2253,1010,159,49,1,1,1,1
272,8,994,1028,275,53,1,1,1,1
272,9,1120,1018,293,64,1,1,1,1
272,12,1844,1023,117,34,1,1,1,1
273,3,2262,1010,157,49,1,1,1,1
273,8,994,1028,275,53,1,1,1,1
273,9,1120,1018,293,64,1,1,1,1
273,12,1835,1024,115,33,1,1,1,1
274,3,2272,1011,154,47,1,1,1,1
274,8,994,1028,275,53,1,1,1,1
274,9,1132,1017,293,64,1,1,1,1
274,12,1826,1025,114,33,1,1,1,1
274,14,1380,1026,201,54,1,1,1,1
275,3,2280,1010,156,48,1,1,1,1
275,5,862,1009,315,69,1,1,1,1
275,8,996,1027,275,53,1,1,1,1
275,9,1132,1017,293,64,1,1,1,1
275,12,1815,1024,118,35,1,1,1,1
275,14,1383,1027,201,54,1,1,1,1
276,3,2291,1011,151,47,1,1,1,1
276,5,845,1008,317,71,1,1,1,1
276,8,996,1027,275,53,1,1,1,1
276,9,1132,1017,293,64,1,1,1,1
276,12,1805,1024,119,35,1,1,1,1
277,3,2299,1010,152,47,1,1,1,1
277,8,996,1027,275,53,1,1,1,1
277,9,1132,1017,293,64,1,1,1,1
277,12,1798,1025,115,34,1,1,1,1
278,3,2309,1009,151,47,1,1,1,1
278,8,996,1027,275,53,1,1,1,1
278,9,1132,1017,293,64,1,1,1,1
278,10,808,1009,316,67,1,1,1,1
278,12,1786,1026,116,34,1,1,1,1
278,15,1423,1029,205,50,1,1,1,1
279,3,2318,1008,151,48,1,1,1,1
279,5,792,1009,313,69,1,1,1,1
279,8,996,1027,275,53,1,1,1,1
279,9,1140,1016,293,64,1,1,1,1
279,10,808,1008,319,68,1,1,1,1
279,12,1776,1026,114,34,1,1,1,1
279,15,1424,1028,206,50,1,1,1,1
280,3,2328,1009,148,46,1,1,1,1
280,5,774,1009,316,69,1,1,1,1
280,8,997,1026,275,53,1,1,1,1
280,9,1140,1016,293,64,1,1,1,1
280,12,1767,1028,112,32,1,1,1,1
281,3,2335,1009,150,47,1,1,1,1
281,8,997,1026,275,53,1,1,1,1
281,9,1140,1016,293,64,1,1,1,1
281,12,1754,1028,116,33,1,1,1,1
282,3,2345,1009,146,47,1,1,1,1
282,5,729,1006,327,70,1,1,1,1
282,8,997,1026,275,53,1,1,1,1
282,9,1140,1016,293,64,1,1,1,1
282,12,1743,1028,117,34,1,1,1,1
282,16,1483,1013,209,63,1,1,1,1
283,3,2354,1009,144,46,1,1,1,1
283,5,711,1005,329,71,1,1,1,1
283,8,997,1026,275,53,1,1,1,1
283,9,1140,1016,293,64,1,1,1,1
283,12,1734,1028,115,33,1,1,1,1
283,16,1493,1014,203,60,1,1,1,1
284,3,2363,1009,143,46,1,1,1,1
284,8,997,1026,275,53,1,1,1,1
284,9,1145,1015,293,64,1,1,1,1
284,12,1719,1027,123,36,1,1,1,1
284,14,1504,1018,204,55,1,1,1,1
284,16,1499,1014,201,59,1,1,1,1
285,3,2372,1009,141,45,1,1,1,1
285,5,668,1005,327,71,1,1,1,1
285,8,997,1025,275,53,1,1,1,1
285,9,1145,1015,293,64,1,1,1,1
285,12,1708,1026,126,37,1,1,1,1
285,14,1516,1017,204,55,1,1,1,1
286,3,2379,1009,142,45,1,1,1,1
286,5,645,1004,332,71,1,1,1,1
286,8,997,1025,275,53,1,1,1,1
286,9,1145,1015,293,64,1,1,1,1
286,12,1708,1026,126,37,1,1,1,1
287,3,2388,1009,139,45,1,1,1,1
287,5,626,1005,330,69,1,1,1,1
287,8,997,1025,275,53,1,1,1,1
287,9,1145,1015,293,64,1,1,1,1
287,12,1693,1026,129,37,1,1,1,1
288,3,2397,1009,137,45,1,1,1,1
288,5,605,1003,335,71,1,1,1,1
288,8,997,1025,275,53,1,1,1,1
288,9,1145,1015,293,64,1,1,1,1
288,14,1565,1010,220,60,1,1,1,1
289,3,2405,1009,137,45,1,1,1,1
289,5,584,1004,336,70,1,1,1,1
289,8,997,1025,275,53,1,1,1,1
289,9,1148,1014,293,64,1,1,1,1
289,14,1578,1009,222,60,1,1,1,1
289,16,1578,1012,201,59,1,1,1,1
290,3,2412,1008,137,45,1,1,1,1
290,5,567,1007,325,66,1,1,1,1
290,8,997,1024,275,53,1,1,1,1
290,9,1148,1014,293,64,1,1,1,1
290,16,1590,1011,201,60,1,1,1,1
291,3,2420,1007,136,45,1,1,1,1
291,5,551,1007,323,65,1,1,1,1
291,8,997,1024,275,53,1,1,1,1
291,9,1148,1014,293,64,1,1,1,1
291,16,1602,1010,206,61,1,1,1,1
292,3,2426,1006,133,46,1,1,1,1
292,5,526,1006,330,67,1,1,1,1
292,8,997,1024,275,53,1,1,1,1
292,9,1148,1014,293,64,1,1,1,1
292,16,1611,1009,209,63,1,1,1,1
293,3,2430,1004,129,49,1,1,1,1
293,5,501,1006,337,67,1,1,1,1
293,8,997,1024,275,53,1,1,1,1
293,9,1148,1014,293,64,1,1,1,1
293,16,1622,1013,197,60,1,1,1,1
294,3,2433,1002,126,50,1,1,1,1
294,5,482,1006,336,67,1,1,1,1
294,8,997,1024,275,53,1,1,1,1
294,9,1149,1013,293,64,1,1,1,1
294,16,1625,1013,193,57,1,1,1,1
295,3,2441,1003,118,49,1,1,1,1
295,5,455,1005,344,67,1,1,1,1
295,8,996,1023,275,53,1,1,1,1
295,9,1149,1013,293,64,1,1,1,1
295,14,1655,1020,188,51,1,1,1,1
295,16,1636,1013,191,56,1,1,1,1
296,3,2448,1004,111,48,1,1,1,1
296,5,435,1006,342,66,1,1,1,1
296,8,996,1023,275,53,1,1,1,1
296,9,1149,1013,293,64,1,1,1,1
296,14,1668,1021,186,50,1,1,1,1
296,16,1635,1013,191,56,1,1,1,1
297,3,2455,1005,104,47,1,1,1,1
297,5,412,1005,349,67,1,1,1,1
297,8,996,1023,275,53,1,1,1,1
297,9,1149,1013,293,64,1,1,1,1
297,12,1567,1022,135,39,1,1,1,1
297,14,1668,1021,186,50,1,1,1,1
297,16,1635,1013,191,56,1,1,1,1
298,3,2462,1007,97,44,1,1,1,1
298,5,389,1006,348,66,1,1,1,1
298,8,996,1023,275,53,1,1,1,1
298,9,1149,1013,293,64,1,1,1,1
298,12,1555,1022,136,39,1,1,1,1
298,14,1668,1021,186,50,1,1,1,1
298,16,1635,1013,191,56,1,1,1,1
299,3,2466,1005,93,47,1,1,1,1
299,5,362,1005,358,68,1,1,1,1
299,8,996,1023,275,53,1,1,1,1
299,9,1149,1012,293,64,1,1,1,1
299,13,1666,1020,188,51,1,1,1,1
299,14,1668,1021,186,50,1,1,1,1
299,16,1635,1013,191,56,1,1,1,1
300,3,2472,1005,87,47,1,1,1,1
300,5,332,1002,372,71,1,1,1,1
300,8,995,1022,275,53,1,1,1,1
300,9,1149,1012,293,64,1,1,1,1
300,12,1526,1027,132,38,1,1,1,1
300,13,1679,1020,186,50,1,1,1,1
300,16,1645,1012,188,56,1,1,1,1
301,3,2481,1005,78,47,1,1,1,1
301,5,315,1004,363,69,1,1,1,1
301,8,995,1022,275,53,1,1,1,1
301,9,1149,1012,293,64,1,1,1,1
301,12,1514,1027,132,38,1,1,1,1
301,16,1645,1012,188,56,1,1,1,1
302,3,2488,1006,71,45,1,1,1,1
302,5,290,1004,370,69,1,1,1,1
302,8,995,1022,275,53,1,1,1,1
302,9,1149,1012,293,64,1,1,1,1
302,16,1645,1012,188,56,1,1,1,1
303,3,2495,1006,64,44,1,1,1,1
303,5,265,1003,377,70,1,1,1,1
303,8,995,1022,275,53,1,1,1,1
303,9,1149,1012,293,64,1,1,1,1
303,12,1486,1027,134,39,1,1,1,1
303,16,1652,1011,188,56,1,1,1,1
304,3,2502,1006,57,42,1,1,1,1
304,5,243,1003,375,69,1,1,1,1
304,8,995,1022,275,53,1,1,1,1
304,9,1149,1011,293,64,1,1,1,1
304,12,1473,1028,134,38,1,1,1,1
304,18,1774,1023,164,46,1,1,1,1
305,3,2511,1007,48,39,1,1,1,1
305,5,216,1002,384,71,1,1,1,1
305,8,994,1021,275,53,1,1,1,1
305,9,1149,1011,293,64,1,1,1,1
305,12,1457,1029,140,39,1,1,1,1
305,18,1781,1022,168,47,1,1,1,1
306,3,2516,1007,43,38,1,1,1,1
306,5,188,1001,393,72,1,1,1,1
306,8,994,1021,275,53,1,1,1,1
306,9,1149,1011,293,64,1,1,1,1
306,12,1441,1028,144,40,1,1,1,1
306,18,1791,1023,167,46,1,1,1,1
307,5,170,1004,380,70,1,1,1,1
307,8,994,1021,275,53,1,1,1,1
307,9,1149,1011,293,64,1,1,1,1
307,12,1428,1028,145,41,1,1,1,1
307,18,1800,1025,163,44,1,1,1,1
308,5,141,1001,396,73,1,1,1,1
308,8,994,1021,275,53,1,1,1,1
308,9,1149,1011,293,64,1,1,1,1
308,12,1416,1032,134,39,1,1,1,1
308,18,1808,1023,168,46,1,1,1,1
309,5,119,1001,394,72,1,1,1,1
309,8,994,1021,275,53,1,1,1,1
309,9,1148,1010,293,64,1,1,1,1
309,12,1408,1029,134,38,1,1,1,1
309,18,1818,1021,173,48,1,1,1,1
310,5,92,1000,400,72,1,1,1,1
310,8,993,1020,275,53,1,1,1,1
310,9,1148,1010,293,64,1,1,1,1
310,12,1392,1031,140,39,1,1,1,1
310,18,1829,1020,176,48,1,1,1,1
311,5,61,998,413,75,1,1,1,1
311,8,993,1020,275,53,1,1,1,1
311,9,1148,1010,293,64,1,1,1,1
311,12,1371,1028,147,42,1,1,1,1
311,18,1842,1020,173,47,1,1,1,1
312,5,32,997,421,76,1,1,1,1
312,8,993,1020,275,53,1,1,1,1
312,9,1148,1010,293,64,1,1,1,1
312,12,1361,1030,145,41,1,1,1,1
312,18,1857,1022,166,45,1,1,1,1
313,5,2,993,435,79,1,1,1,1
313,8,993,1020,275,53,1,1,1,1
313,9,1148,1010,293,64,1,1,1,1
313,12,1346,1037,134,39,1,1,1,1
313,18,1867,1021,168,46,1,1,1,1
314,5,0,988,428,84,1,1,1,1
314,8,993,1020,275,53,1,1,1,1
314,9,1147,1009,293,64,1,1,1,1
314,12,1345,1037,134,39,1,1,1,1
314,18,1877,1021,169,46,1,1,1,1
315,5,0,987,410,84,1,1,1,1
315,8,992,1019,275,53,1,1,1,1
315,9,1147,1009,293,64,1,1,1,1
315,12,1345,1036,134,39,1,1,1,1
315,13,1894,1023,161,42,1,1,1,1
315,18,1887,1021,169,46,1,1,1,1
316,5,0,985,397,86,1,1,1,1
316,8,992,1019,275,53,1,1,1,1
316,9,1147,1009,293,64,1,1,1,1
316,12,1326,1037,137,39,1,1,1,1
316,13,1908,1024,160,41,1,1,1,1
316,18,1887,1021,169,46,1,1,1,1
317,5,0,984,383,87,1,1,1,1
317,8,992,1019,275,53,1,1,1,1
317,9,1147,1009,293,64,1,1,1,1
317,12,1326,1036,137,39,1,1,1,1
317,13,1908,1024,160,41,1,1,1,1
317,18,1886,1021,169,46,1,1,1,1
318,5,0,983,368,88,1,1,1,1
318,8,992,1019,275,53,1,1,1,1
318,9,1147,1009,293,64,1,1,1,1
318,12,1326,1035,137,39,1,1,1,1
318,13,1908,1024,160,41,1,1,1,1
318,14,1885,1021,169,45,1,1,1,1
318,18,1885,1021,169,46,1,1,1,1
319,5,0,987,340,83,1,1,1,1
319,8,992,1019,275,53,1,1,1,1
319,9,1146,1008,293,64,1,1,1,1
319,12,1326,1034,137,39,1,1,1,1
319,14,1887,1021,170,45,1,1,1,1
319,15,1240,1029,170,42,1,1,1,1
319,18,1884,1021,169,46,1,1,1,1
320,5,0,984,330,88,1,1,1,1
320,8,991,1018,275,53,1,1,1,1
320,9,1146,1008,293,64,1,1,1,1
320,12,1326,1033,137,39,1,1,1,1
320,14,1897,1021,169,45,1,1,1,1
320,15,1235,1030,169,41,1,1,1,1
320,18,1922,1023,152,41,1,1,1,1
321,5,0,985,308,87,1,1,1,1
321,8,991,1018,275,53,1,1,1,1
321,9,1146,1008,293,64,1,1,1,1
321,12,1313,1034,137,39,1,1,1,1
321,14,1918,1022,155,42,1,1,1,1
322,5,0,984,292,89,1,1,1,1
322,8,991,1018,275,53,1,1,1,1
322,9,1146,1008,293,64,1,1,1,1
322,12,1312,1034,137,39,1,1,1,1
322,13,1958,1017,176,47,1,1,1,1
322,14,1929,1022,153,41,1,1,1,1
323,5,0,983,276,92,1,1,1,1
323,8,991,1018,275,53,1,1,1,1
323,9,1146,1008,293,64,1,1,1,1
323,12,1311,1034,137,39,1,1,1,1
323,13,1958,1017,176,47,1,1,1,1
324,5,0,980,262,95,1,1,1,1
324,8,991,1018,275,53,1,1,1,1
324,9,1145,1007,293,64,1,1,1,1
324,12,1310,1034,137,39,1,1,1,1
324,13,1979,1017,172,45,1,1,1,1
325,5,0,977,245,98,1,1,1,1
325,8,990,1017,275,53,1,1,1,1
325,9,1145,1007,293,64,1,1,1,1
325,12,1309,1034,137,39,1,1,1,1
325,13,1992,1017,169,45,1,1,1,1
326,5,0,973,230,104,1,1,1,1
326,8,990,1017,275,53,1,1,1,1
326,9,1145,1007,293,64,1,1,1,1
326,12,1301,1033,137,39,1,1,1,1
326,13,1997,1014,172,48,1,1,1,1
327,5,0,972,218,105,1,1,1,1
327,8,990,1017,275,53,1,1,1,1
327,9,1145,1007,293,64,1,1,1,1
327,12,1300,1033,137,39,1,1,1,1
327,13,2012,1015,170,46,1,1,1,1
328,8,990,1017,275,53,1,1,1,1
328,9,1145,1007,293,64,1,1,1,1
328,12,1300,1032,137,39,1,1,1,1
328,13,2027,1017,163,45,1,1,1,1
328,20,9,998,68,90,1,1,1,1
329,8,990,1017,275,53,1,1,1,1
329,9,1144,1006,293,64,1,1,1,1
329,12,1300,1031,137,39,1,1,1,1
329,13,2037,1017,161,44,1,1,1,1
329,20,9,1008,67,87,1,1,1,1
330,8,989,1016,275,53,1,1,1,1
330,9,1144,1006,293,64,1,1,1,1
330,12,1300,1030,137,39,1,1,1,1
330,13,2050,1019,157,43,1,1,1,1
330,20,17,1025,56,71,1,1,1,1
331,8,989,1016,275,53,1,1,1,1
331,9,1144,1006,293,64,1,1,1,1
331,12,1293,1030,137,39,1,1,1,1
331,13,2058,1018,161,44,1,1,1,1
331,20,29,1029,54,65,1,1,1,1
332,8,101,1072,275,53,1,1,1,1
332,9,1144,1006,293,64,1,1,1,1
332,12,1293,1029,137,39,1,1,1,1
332,13,2068,1018,160,44,1,1,1,1
332,20,37,1039,46,55,1,1,1,1
333,9,1144,1006,293,64,1,1,1,1
333,12,1293,1028,137,39,1,1,1,1
333,13,2075,1015,164,46,1,1,1,1
333,22,9,1023,144,71,1,1,1,1
334,9,1143,1005,293,64,1,1,1,1
334,12,1293,1027,137,39,1,1,1,1
334,13,2087,1017,156,43,1,1,1,1
334,22,19,1023,143,69,1,1,1,1
334,23,979,1029,193,45,1,1,1,1
335,9,1143,1005,293,64,1,1,1,1
335,10,957,1032,197,43,1,1,1,1
335,12,1292,1027,137,39,1,1,1,1
335,13,2099,1017,155,43,1,1,1,1
335,22,30,1023,145,69,1,1,1,1
335,23,975,1028,195,47,1,1,1,1
336,9,1143,1005,293,64,1,1,1,1
336,10,960,1033,194,42,1,1,1,1
336,12,1288,1026,137,39,1,1,1,1
336,13,2105,1016,159,44,1,1,1,1
336,22,40,1021,150,71,1,1,1,1
337,9,1143,1005,293,64,1,1,1,1
337,10,960,1033,194,42,1,1,1,1
337,13,2117,1016,153,43,1,1,1,1
337,22,47,1021,159,71,1,1,1,1
338,9,1143,1005,293,64,1,1,1,1
338,10,960,1033,194,42,1,1,1,1
338,13,2127,1016,151,43,1,1,1,1
338,22,57,1021,167,72,1,1,1,1
339,9,1142,1004,293,64,1,1,1,1
339,10,960,1033,194,42,1,1,1,1
339,13,2137,1016,148,41,1,1,1,1
339,22,60,1016,186,77,1,1,1,1
340,9,1142,1004,293,64,1,1,1,1
340,10,887,1032,199,43,1,1,1,1
340,13,2148,1017,149,42,1,1,1,1
340,22,63,1012,203,82,1,1,1,1
341,9,1141,1003,293,64,1,1,1,1
341,10,848,1031,203,45,1,1,1,1
341,13,2159,1018,147,41,1,1,1,1
341,22,67,1013,214,82,1,1,1,1
342,10,825,1033,198,43,1,1,1,1
342,13,2172,1018,143,40,1,1,1,1
342,22,62,1007,241,88,1,1,1,1
343,10,801,1032,202,44,1,1,1,1
343,13,2178,1016,150,42,1,1,1,1
343,22,71,1012,241,84,1,1,1,1
344,10,778,1030,208,46,1,1,1,1
344,13,2186,1015,152,42,1,1,1,1
344,22,85,1018,243,79,1,1,1,1
345,10,757,1030,210,46,1,1,1,1
345,13,2191,1013,158,45,1,1,1,1
345,22,97,1020,255,78,1,1,1,1
346,10,734,1029,213,47,1,1,1,1
346,13,2200,1013,156,45,1,1,1,1
346,22,111,1019,270,78,1,1,1,1
347,10,717,1030,208,45,1,1,1,1
347,13,2211,1014,152,43,1,1,1,1
347,22,132,1022,274,74,1,1,1,1
347,25,2511,1006,45,30,1,1,1,1
348,10,693,1029,216,47,1,1,1,1
348,13,2222,1014,150,43,1,1,1,1
348,22,153,1022,282,74,1,1,1,1
348,25,2508,1006,46,30,1,1,1,1
349,10,668,1028,220,48,1,1,1,1
349,13,2233,1014,146,42,1,1,1,1
349,22,172,1023,292,73,1,1,1,1
349,25,2506,1007,44,29,1,1,1,1
350,10,648,1027,218,49,1,1,1,1
350,13,2243,1014,147,43,1,1,1,1
350,22,189,1023,303,73,1,1,1,1
350,25,2504,1008,42,27,1,1,1,1
351,10,629,1028,214,48,1,1,1,1
351,13,2252,1013,147,43,1,1,1,1
351,22,205,1021,315,74,1,1,1,1
351,25,2502,1010,40,25,1,1,1,1
352,10,605,1028,216,48,1,1,1,1
352,13,2262,1014,143,41,1,1,1,1
352,22,225,1022,323,74,1,1,1,1
352,25,2499,1010,40,24,1,1,1,1
353,10,582,1027,218,49,1,1,1,1
353,13,2272,1014,139,41,1,1,1,1
353,22,241,1019,334,77,1,1,1,1
353,25,2496,1011,38,22,1,1,1,1
354,10,555,1024,225,51,1,1,1,1
354,13,2280,1014,142,42,1,1,1,1
354,22,257,1018,343,78,1,1,1,1
354,25,2489,1009,43,24,1,1,1,1
355,10,543,1025,218,49,1,1,1,1
355,13,2291,1013,140,42,1,1,1,1
355,22,305,1023,303,73,1,1,1,1
355,25,2485,1009,43,24,1,1,1,1
356,10,525,1028,214,48,1,1,1,1
356,13,2300,1014,137,40,1,1,1,1
356,22,321,1021,315,74,1,1,1,1
356,25,2480,1009,46,24,1,1,1,1
357,10,524,1028,214,48,1,1,1,1
357,13,2307,1013,141,41,1,1,1,1
357,22,342,1022,323,74,1,1,1,1
357,25,2475,1009,47,25,1,1,1,1
358,10,523,1028,214,48,1,1,1,1
358,13,2315,1012,140,42,1,1,1,1
358,22,355,1017,334,77,1,1,1,1
358,25,2469,1009,48,25,1,1,1,1
359,10,495,1027,216,48,1,1,1,1
359,13,2323,1012,138,41,1,1,1,1
359,22,375,1018,336,76,1,1,1,1
359,25,2465,1008,52,27,1,1,1,1
360,13,2333,1012,135,41,1,1,1,1
360,22,421,1023,303,73,1,1,1,1
360,25,2462,1009,50,25,1,1,1,1
361,13,2333,1012,135,41,1,1,1,1
361,22,423,1022,331,74,1,1,1,1
361,25,2461,1008,46,24,1,1,1,1
362,13,2333,1012,135,41,1,1,1,1
362,22,443,1023,327,72,1,1,1,1
362,25,2454,1008,47,25,1,1,1,1
363,13,2333,1012,135,41,1,1,1,1
363,22,461,1025,329,71,1,1,1,1
363,25,2447,1008,48,25,1,1,1,1
364,13,2333,1012,135,41,1,1,1,1
364,22,481,1025,336,72,1,1,1,1
364,25,2446,1008,52,27,1,1,1,1
364,27,5,1028,94,62,1,1,1,1
364,28,329,1027,242,51,1,1,1,1
365,13,2364,1011,134,41,1,1,1,1
365,22,537,1023,303,73,1,1,1,1
365,25,2440,1007,52,26,1,1,1,1
365,27,15,1023,103,68,1,1,1,1
365,28,325,1027,242,51,1,1,1,1
366,13,2364,1011,134,41,1,1,1,1
366,22,533,1023,331,74,1,1,1,1
366,25,2442,1007,46,24,1,1,1,1
366,27,29,1018,110,71,1,1,1,1
367,13,2364,1011,134,41,1,1,1,1
367,22,544,1024,340,74,1,1,1,1
367,25,2433,1007,47,25,1,1,1,1
367,27,41,1014,121,75,1,1,1,1
368,13,2364,1011,134,41,1,1,1,1
368,22,565,1025,334,72,1,1,1,1
368,25,2425,1007,48,25,1,1,1,1
368,27,50,1008,136,81,1,1,1,1
368,29,223,1022,231,53,1,1,1,1
369,13,2364,1011,134,41,1,1,1,1
369,22,584,1025,333,71,1,1,1,1
369,25,2427,1008,52,27,1,1,1,1
369,27,63,1007,147,83,1,1,1,1
369,29,203,1023,224,51,1,1,1,1
370,13,2401,1010,135,41,1,1,1,1
370,22,605,1024,329,70,1,1,1,1
370,25,2420,1007,52,26,1,1,1,1
370,27,85,1013,103,68,1,1,1,1
370,29,192,1024,220,49,1,1,1,1
371,13,2401,1010,135,41,1,1,1,1
371,22,620,1023,336,71,1,1,1,1
371,25,2423,1006,46,24,1,1,1,1
371,27,94,1003,161,83,1,1,1,1
372,13,2401,1010,135,41,1,1,1,1
372,16,2399,1009,137,41,1,1,1,1
372,22,640,1024,332,69,1,1,1,1
372,25,2412,1006,47,25,1,1,1,1
372,27,101,1005,176,83,1,1,1,1
373,16,2403,1009,136,41,1,1,1,1
373,22,653,1022,345,72,1,1,1,1
373,25,2403,1006,48,25,1,1,1,1
373,27,117,1014,180,75,1,1,1,1
374,16,2403,1009,136,41,1,1,1,1
374,22,671,1021,348,73,1,1,1,1
374,25,2408,1008,52,27,1,1,1,1
374,27,125,1015,199,75,1,1,1,1
375,14,2398,1008,145,41,1,1,1,1
375,16,2403,1009,136,41,1,1,1,1
375,22,693,1022,340,71,1,1,1,1
375,25,2401,1006,51,27,1,1,1,1
375,27,129,1014,229,78,1,1,1,1
376,14,2403,1008,143,41,1,1,1,1
376,22,714,1022,340,72,1,1,1,1
376,25,2404,1005,46,24,1,1,1,1
376,27,142,1014,252,78,1,1,1,1
377,14,2412,1008,142,41,1,1,1,1
377,22,734,1022,337,71,1,1,1,1
377,25,2391,1005,47,25,1,1,1,1
377,27,172,1022,252,71,1,1,1,1
378,22,756,1023,330,70,1,1,1,1
378,25,2381,1005,48,25,1,1,1,1
378,27,201,1023,268,69,1,1,1,1
379,22,778,1024,327,69,1,1,1,1
379,25,2372,1009,53,27,1,1,1,1
379,27,230,1024,281,69,1,1,1,1
379,30,20,1009,177,63,1,1,1,1
380,22,800,1026,319,67,1,1,1,1
380,25,2364,1011,53,26,1,1,1,1
380,27,255,1022,299,70,1,1,1,1
380,30,0,1008,174,65,1,1,1,1
380,31,2490,1010,69,40,1,1,1,1
381,22,811,1023,332,70,1,1,1,1
381,25,2359,1014,53,24,1,1,1,1
381,27,270,1018,331,74,1,1,1,1
381,30,0,1010,155,64,1,1,1,1
381,31,2495,1010,64,40,1,1,1,1
382,22,834,1024,322,68,1,1,1,1
382,25,2354,1014,54,25,1,1,1,1
382,27,294,1015,348,76,1,1,1,1
382,30,0,1010,141,67,1,1,1,1
382,31,2499,1010,60,40,1,1,1,1
383,22,855,1025,317,67,1,1,1,1
383,25,2350,1014,54,24,1,1,1,1
383,27,320,1016,357,76,1,1,1,1
383,30,0,1012,123,65,1,1,1,1
383,31,2506,1011,53,38,1,1,1,1
384,20,2,1021,46,56,1,1,1,1
384,22,867,1023,324,69,1,1,1,1
384,25,2345,1014,57,24,1,1,1,1
384,27,348,1015,362,76,1,1,1,1
384,30,0,1013,110,65,1,1,1,1
384,31,2512,1012,47,36,1,1,1,1
385,20,19,1012,68,65,1,1,1,1
385,22,889,1024,321,68,1,1,1,1
385,25,2339,1014,58,25,1,1,1,1
385,27,379,1017,358,74,1,1,1,1
385,31,2516,1013,43,34,1,1,1,1
386,20,17,1006,74,70,1,1,1,1
386,22,907,1024,318,68,1,1,1,1
386,25,2334,1015,57,23,1,1,1,1
386,27,412,1018,357,72,1,1,1,1
387,22,926,1025,314,67,1,1,1,1
387,25,2328,1015,58,24,1,1,1,1
387,27,441,1020,357,70,1,1,1,1
388,22,943,1024,312,67,1,1,1,1
388,25,2323,1015,59,24,1,1,1,1
388,27,460,1017,376,74,1,1,1,1
389,22,962,1024,310,66,1,1,1,1
389,23,961,1018,307,73,1,1,1,1
389,25,2318,1015,59,23,1,1,1,1
389,27,493,1019,370,72,1,1,1,1
390,22,962,1024,310,66,1,1,1,1
390,23,961,1018,309,73,1,1,1,1
390,25,2312,1015,60,24,1,1,1,1
390,27,526,1021,366,71,1,1,1,1
