1,1,1952,1072,182,53,1,1,1,1
1,2,2338,1054,117,43,1,1,1,1
2,1,1958,1073,178,51,1,1,1,1
2,2,2337,1055,115,42,1,1,1,1
3,1,1960,1073,180,51,1,1,1,1
3,2,2333,1055,118,43,1,1,1,1
4,1,1967,1074,176,50,1,1,1,1
4,2,2333,1056,114,41,1,1,1,1
5,1,1966,1072,185,52,1,1,1,1
5,2,2329,1055,117,43,1,1,1,1
6,1,1971,1071,184,53,1,1,1,1
6,2,2326,1055,118,43,1,1,1,1
7,1,1976,1070,184,53,1,1,1,1
7,2,2323,1055,118,43,1,1,1,1
8,1,1980,1070,185,53,1,1,1,1
8,2,2318,1054,123,45,1,1,1,1
9,1,1984,1070,183,53,1,1,1,1
9,2,2317,1055,121,43,1,1,1,1
10,1,1987,1070,185,53,1,1,1,1
10,2,2315,1055,120,43,1,1,1,1
11,1,1994,1071,180,51,1,1,1,1
11,2,2314,1056,117,42,1,1,1,1
12,1,1998,1070,181,52,1,1,1,1
12,2,2310,1055,119,42,1,1,1,1
13,1,2002,1070,184,53,1,1,1,1
13,2,2306,1055,121,43,1,1,1,1
14,1,2007,1070,184,53,1,1,1,1
14,2,2304,1055,120,43,1,1,1,1
15,1,2012,1069,184,53,1,1,1,1
15,2,2299,1055,125,45,1,1,1,1
16,1,2017,1068,185,53,1,1,1,1
16,2,2297,1055,123,45,1,1,1,1
17,1,2020,1069,185,53,1,1,1,1
17,2,2296,1056,122,43,1,1,1,1
18,1,2024,1069,185,53,1,1,1,1
18,2,2292,1055,125,45,1,1,1,1
19,1,2030,1069,182,53,1,1,1,1
19,2,2289,1055,125,45,1,1,1,1
20,1,2034,1069,181,52,1,1,1,1
20,2,2285,1054,129,46,1,1,1,1
21,1,2038,1069,180,52,1,1,1,1
21,2,2281,1053,130,46,1,1,1,1
22,1,2043,1070,178,51,1,1,1,1
22,2,2280,1053,127,46,1,1,1,1
23,1,2046,1069,178,51,1,1,1,1
23,2,2278,1055,124,44,1,1,1,1
24,1,2051,1070,175,50,1,1,1,1
24,2,2274,1054,127,45,1,1,1,1
25,1,2055,1069,175,51,1,1,1,1
25,2,2273,1054,125,45,1,1,1,1
26,1,2059,1071,175,50,1,1,1,1
26,2,2270,1054,125,45,1,1,1,1
27,1,2064,1070,172,50,1,1,1,1
27,2,2267,1054,125,45,1,1,1,1
28,1,2069,1070,170,49,1,1,1,1
28,2,2266,1055,124,44,1,1,1,1
29,1,2072,1070,172,49,1,1,1,1
29,2,2264,1055,123,44,1,1,1,1
30,1,2077,1070,172,50,1,1,1,1
30,2,2261,1055,125,45,1,1,1,1
31,1,2079,1069,174,51,1,1,1,1
31,2,2259,1056,123,43,1,1,1,1
32,1,2084,1070,171,49,1,1,1,1
32,2,2257,1056,122,43,1,1,1,1
33,1,2089,1070,169,49,1,1,1,1
33,2,2252,1055,125,45,1,1,1,1
34,1,2089,1070,169,49,1,1,1,1
34,2,2252,1056,123,44,1,1,1,1
35,1,2089,1070,169,49,1,1,1,1
35,2,2249,1056,125,45,1,1,1,1
36,1,2089,1070,169,49,1,1,1,1
36,2,2247,1057,123,43,1,1,1,1
37,1,2089,1070,169,49,1,1,1,1
37,2,2246,1057,122,43,1,1,1,1
38,1,2101,1068,173,51,1,1,1,1
38,2,2238,1055,126,45,1,1,1,1
39,1,2101,1068,173,51,1,1,1,1
39,2,2240,1057,123,44,1,1,1,1
40,1,2101,1068,173,51,1,1,1,1
40,2,2237,1057,125,45,1,1,1,1
41,1,2101,1068,173,51,1,1,1,1
41,2,2238,1055,125,45,1,1,1,1
42,1,2101,1068,173,51,1,1,1,1
42,2,2238,1054,125,45,1,1,1,1
43,1,2118,1068,172,50,1,1,1,1
43,2,2214,1054,138,48,1,1,1,1
44,1,2118,1068,172,50,1,1,1,1
44,2,2275,997,138,48,1,1,1,1
45,1,2132,1069,166,49,1,1,1,1
45,2,2208,1052,140,49,1,1,1,1
46,1,2132,1069,166,49,1,1,1,1
46,2,2219,1041,140,49,1,1,1,1
47,1,2132,1069,166,49,1,1,1,1
47,2,2220,1039,140,49,1,1,1,1
48,1,2132,1069,166,49,1,1,1,1
48,2,2217,1041,140,49,1,1,1,1
49,1,2132,1069,166,49,1,1,1,1
49,2,2213,1044,140,49,1,1,1,1
50,1,2142,1064,180,54,1,1,1,1
50,2,2211,1041,141,49,1,1,1,1
51,1,2142,1064,180,54,1,1,1,1
51,2,2209,1042,141,49,1,1,1,1
52,1,2142,1064,180,54,1,1,1,1
52,2,2208,1042,141,49,1,1,1,1
53,1,2142,1064,180,54,1,1,1,1
53,2,2207,1042,141,49,1,1,1,1
54,1,2142,1064,180,54,1,1,1,1
54,2,2207,1041,141,49,1,1,1,1
55,1,2156,1061,183,56,1,1,1,1
55,2,2204,1040,141,49,1,1,1,1
56,1,2156,1061,183,56,1,1,1,1
56,2,2204,1039,141,49,1,1,1,1
57,1,2156,1061,183,56,1,1,1,1
57,2,2204,1038,141,49,1,1,1,1
58,1,2156,1061,183,56,1,1,1,1
58,2,2204,1037,141,49,1,1,1,1
59,1,2156,1061,183,56,1,1,1,1
59,2,2204,1036,141,49,1,1,1,1
60,1,2181,1065,168,51,1,1,1,1
60,2,2201,1035,141,50,1,1,1,1
61,1,2181,1065,168,51,1,1,1,1
61,2,2200,1035,141,50,1,1,1,1
62,1,2181,1065,168,51,1,1,1,1
62,2,2199,1035,141,50,1,1,1,1
63,1,2181,1065,168,51,1,1,1,1
63,2,2198,1035,141,50,1,1,1,1
64,1,2181,1065,168,51,1,1,1,1
64,2,2197,1035,141,50,1,1,1,1
65,1,2201,1066,163,50,1,1,1,1
65,2,2195,1034,143,50,1,1,1,1
66,1,2200,1066,163,50,1,1,1,1
66,2,2194,1034,143,50,1,1,1,1
67,1,2199,1066,163,50,1,1,1,1
67,2,2193,1034,143,50,1,1,1,1
68,1,2198,1066,163,50,1,1,1,1
68,2,2193,1033,143,50,1,1,1,1
69,1,2198,1066,163,50,1,1,1,1
69,2,2193,1032,143,50,1,1,1,1
70,1,2220,1066,160,49,1,1,1,1
70,2,2191,1031,143,50,1,1,1,1
71,1,2220,1066,160,49,1,1,1,1
71,2,2191,1030,143,50,1,1,1,1
71,5,2134,1062,142,41,1,1,1,1
72,1,2220,1066,160,49,1,1,1,1
72,2,2191,1029,143,50,1,1,1,1
72,5,2135,1062,138,41,1,1,1,1
73,1,2220,1066,160,49,1,1,1,1
73,2,2191,1028,143,50,1,1,1,1
74,1,2220,1066,160,49,1,1,1,1
74,2,2190,1028,143,50,1,1,1,1
74,5,2121,1062,138,41,1,1,1,1
75,1,2238,1066,159,49,1,1,1,1
75,2,2189,1027,143,50,1,1,1,1
75,5,2118,1062,137,41,1,1,1,1
76,1,2237,1066,159,49,1,1,1,1
76,2,2188,1027,143,50,1,1,1,1
77,1,2236,1066,159,49,1,1,1,1
77,2,2187,1027,143,50,1,1,1,1
77,5,2110,1062,142,41,1,1,1,1
78,1,2235,1066,159,49,1,1,1,1
78,2,2186,1027,143,50,1,1,1,1
78,5,2107,1062,142,41,1,1,1,1
79,1,2241,1065,160,49,1,1,1,1
79,2,2185,1027,143,50,1,1,1,1
80,1,2257,1065,157,48,1,1,1,1
80,2,2184,1026,143,50,1,1,1,1
80,5,2098,1059,154,45,1,1,1,1
81,1,2254,1066,159,49,1,1,1,1
81,2,2184,1025,143,50,1,1,1,1
81,5,2094,1059,156,45,1,1,1,1
82,1,2252,1066,159,49,1,1,1,1
82,2,2184,1024,143,50,1,1,1,1
82,5,2094,1059,156,45,1,1,1,1
83,1,2250,1066,159,49,1,1,1,1
83,2,2184,1023,143,50,1,1,1,1
83,5,2094,1059,156,45,1,1,1,1
84,1,2262,1064,160,49,1,1,1,1
84,2,2184,1022,143,50,1,1,1,1
84,5,2094,1059,156,45,1,1,1,1
85,1,2271,1064,161,49,1,1,1,1
85,2,2182,1021,143,50,1,1,1,1
85,5,2081,1057,163,48,1,1,1,1
86,1,2270,1066,159,49,1,1,1,1
86,2,2182,1020,143,50,1,1,1,1
86,5,2081,1057,163,48,1,1,1,1
87,1,2267,1066,159,49,1,1,1,1
87,2,2182,1019,143,50,1,1,1,1
87,5,2081,1057,163,48,1,1,1,1
88,1,2264,1066,159,49,1,1,1,1
88,2,2181,1019,143,50,1,1,1,1
88,5,2081,1057,163,48,1,1,1,1
89,1,2283,1063,160,49,1,1,1,1
89,2,2180,1019,143,50,1,1,1,1
89,5,2080,1057,163,48,1,1,1,1
90,1,2291,1064,154,48,1,1,1,1
90,2,2179,1018,143,50,1,1,1,1
90,5,2068,1058,160,47,1,1,1,1
91,1,2286,1066,159,49,1,1,1,1
91,2,2178,1018,143,50,1,1,1,1
91,5,2067,1058,160,47,1,1,1,1
92,1,2282,1066,159,49,1,1,1,1
92,2,2177,1018,143,50,1,1,1,1
92,5,2066,1058,160,47,1,1,1,1
93,1,2278,1066,159,49,1,1,1,1
93,2,2176,1018,143,50,1,1,1,1
93,5,2065,1058,160,47,1,1,1,1
94,1,2304,1062,160,49,1,1,1,1
94,2,2176,1017,143,50,1,1,1,1
94,5,2064,1058,160,47,1,1,1,1
95,1,2306,1063,159,50,1,1,1,1
95,2,2174,1016,143,50,1,1,1,1
95,5,2050,1058,160,47,1,1,1,1
96,1,2302,1066,159,49,1,1,1,1
96,2,2174,1015,143,50,1,1,1,1
96,5,2050,1058,160,47,1,1,1,1
97,1,2315,1065,153,48,1,1,1,1
97,2,2174,1014,143,50,1,1,1,1
97,5,2050,1058,160,47,1,1,1,1
98,1,2318,1063,157,49,1,1,1,1
98,2,2174,1013,143,50,1,1,1,1
98,5,2050,1058,160,47,1,1,1,1
99,1,2322,1063,157,49,1,1,1,1
99,2,2174,1012,143,50,1,1,1,1
99,5,2050,1058,160,47,1,1,1,1
100,1,2330,1064,149,47,1,1,1,1
100,2,2172,1011,143,50,1,1,1,1
100,5,2033,1059,161,47,1,1,1,1
101,1,2332,1064,150,47,1,1,1,1
101,2,2171,1011,143,50,1,1,1,1
101,5,2033,1059,161,47,1,1,1,1
102,1,2337,1064,147,47,1,1,1,1
102,2,2170,1011,143,50,1,1,1,1
102,5,2032,1059,161,47,1,1,1,1
103,1,2341,1064,146,46,1,1,1,1
103,2,2169,1011,143,50,1,1,1,1
103,5,2031,1059,161,47,1,1,1,1
104,1,2342,1064,148,47,1,1,1,1
104,2,2168,1011,143,50,1,1,1,1
104,5,2030,1059,161,47,1,1,1,1
105,1,2346,1064,146,47,1,1,1,1
105,2,2167,1010,143,50,1,1,1,1
105,5,2016,1060,161,47,1,1,1,1
106,1,2350,1064,144,46,1,1,1,1
106,5,2006,1059,166,49,1,1,1,1
107,1,2354,1065,142,45,1,1,1,1
107,5,2001,1060,166,48,1,1,1,1
108,1,2358,1065,140,45,1,1,1,1
108,5,1997,1060,165,49,1,1,1,1
109,1,2360,1064,141,45,1,1,1,1
109,5,1992,1060,167,48,1,1,1,1
110,1,2363,1064,142,45,1,1,1,1
110,5,1988,1059,168,49,1,1,1,1
111,1,2365,1064,142,45,1,1,1,1
111,5,1984,1060,167,48,1,1,1,1
112,1,2368,1064,143,45,1,1,1,1
112,5,1980,1060,167,49,1,1,1,1
113,1,2369,1063,148,47,1,1,1,1
113,5,1974,1060,172,50,1,1,1,1
114,1,2374,1063,145,46,1,1,1,1
114,5,1972,1061,169,49,1,1,1,1
115,1,2376,1063,145,46,1,1,1,1
115,5,1966,1059,173,50,1,1,1,1
116,1,2379,1064,144,45,1,1,1,1
116,5,1961,1059,176,51,1,1,1,1
117,1,2383,1064,140,45,1,1,1,1
117,5,1957,1059,177,51,1,1,1,1
118,1,2387,1065,138,43,1,1,1,1
118,5,1954,1059,175,51,1,1,1,1
119,1,2390,1064,139,44,1,1,1,1
119,5,1951,1059,175,51,1,1,1,1
120,1,2393,1064,138,43,1,1,1,1
120,5,1948,1060,174,50,1,1,1,1
121,1,2394,1063,141,45,1,1,1,1
121,5,1940,1058,182,53,1,1,1,1
122,1,2398,1064,139,43,1,1,1,1
122,5,1936,1058,180,53,1,1,1,1
123,1,2400,1063,141,44,1,1,1,1
123,5,1932,1057,181,53,1,1,1,1
124,1,2404,1063,138,44,1,1,1,1
124,5,1927,1057,184,54,1,1,1,1
125,1,2407,1064,137,43,1,1,1,1
125,5,1923,1056,185,55,1,1,1,1
126,1,2409,1064,139,43,1,1,1,1
126,5,1918,1056,186,55,1,1,1,1
127,1,2412,1064,139,43,1,1,1,1
127,5,1916,1057,182,53,1,1,1,1
128,1,2416,1064,135,43,1,1,1,1
128,5,1914,1058,179,53,1,1,1,1
129,1,2418,1063,135,43,1,1,1,1
129,5,1911,1059,176,51,1,1,1,1
130,1,2420,1063,135,43,1,1,1,1
130,5,1906,1058,179,53,1,1,1,1
131,1,2422,1063,137,43,1,1,1,1
131,5,1899,1057,184,55,1,1,1,1
132,1,2424,1063,135,43,1,1,1,1
132,5,1896,1058,182,54,1,1,1,1
133,1,2424,1061,135,45,1,1,1,1
133,5,1891,1058,183,54,1,1,1,1
134,1,2426,1061,133,45,1,1,1,1
134,5,1886,1059,182,53,1,1,1,1
135,1,2428,1061,131,45,1,1,1,1
135,5,1882,1059,182,53,1,1,1,1
136,1,2432,1061,127,45,1,1,1,1
136,5,1879,1059,181,53,1,1,1,1
137,1,2432,1060,127,46,1,1,1,1
137,5,1872,1057,186,54,1,1,1,1
138,1,2433,1059,126,48,1,1,1,1
138,5,1869,1056,188,55,1,1,1,1
139,1,2435,1059,124,48,1,1,1,1
139,5,1862,1056,192,56,1,1,1,1
140,1,2440,1060,119,46,1,1,1,1
140,5,1858,1057,191,55,1,1,1,1
141,1,2444,1060,115,45,1,1,1,1
141,5,1855,1057,189,56,1,1,1,1
142,1,2447,1060,112,45,1,1,1,1
142,5,1851,1058,189,55,1,1,1,1
143,1,2449,1060,110,45,1,1,1,1
143,5,1846,1057,190,55,1,1,1,1
144,1,2451,1059,108,47,1,1,1,1
144,5,1842,1057,189,55,1,1,1,1
145,1,2454,1059,105,47,1,1,1,1
145,5,1839,1058,188,54,1,1,1,1
146,1,2455,1059,104,47,1,1,1,1
146,5,1833,1058,190,55,1,1,1,1
147,1,2459,1060,100,46,1,1,1,1
147,5,1828,1058,190,55,1,1,1,1
148,1,2461,1059,98,47,1,1,1,1
148,5,1823,1058,193,56,1,1,1,1
149,1,2465,1060,94,46,1,1,1,1
149,5,1819,1060,190,54,1,1,1,1
150,1,2466,1060,93,47,1,1,1,1
150,5,1815,1060,189,54,1,1,1,1
151,1,2467,1059,92,48,1,1,1,1
151,5,1810,1059,191,54,1,1,1,1
152,1,2470,1058,89,49,1,1,1,1
152,5,1806,1059,191,54,1,1,1,1
153,1,2473,1059,86,48,1,1,1,1
153,5,1800,1059,195,55,1,1,1,1
154,1,2477,1058,82,49,1,1,1,1
154,5,1795,1059,196,55,1,1,1,1
155,1,2480,1059,79,48,1,1,1,1
155,5,1790,1059,197,56,1,1,1,1
156,1,2483,1059,76,48,1,1,1,1
156,5,1789,1061,189,54,1,1,1,1
157,1,2486,1058,73,48,1,1,1,1
157,5,1783,1061,191,54,1,1,1,1
158,1,2489,1058,70,47,1,1,1,1
158,5,1777,1061,192,54,1,1,1,1
159,1,2492,1059,67,46,1,1,1,1
159,5,1770,1060,196,55,1,1,1,1
160,1,2495,1058,64,47,1,1,1,1
160,5,1767,1061,193,54,1,1,1,1
161,1,2497,1058,62,48,1,1,1,1
161,5,1758,1060,200,55,1,1,1,1
162,1,2502,1060,57,45,1,1,1,1
162,5,1752,1059,203,57,1,1,1,1
163,1,2505,1059,54,45,1,1,1,1
163,5,1748,1060,203,56,1,1,1,1
164,1,2505,1058,54,47,1,1,1,1
164,5,1740,1060,208,57,1,1,1,1
165,1,2506,1057,53,49,1,1,1,1
165,5,1737,1060,207,57,1,1,1,1
166,1,2510,1057,49,48,1,1,1,1
166,5,1731,1059,209,58,1,1,1,1
167,1,2513,1057,46,47,1,1,1,1
167,5,1725,1060,210,58,1,1,1,1
168,1,2516,1056,43,47,1,1,1,1
168,5,1719,1059,214,59,1,1,1,1
169,1,2520,1056,39,47,1,1,1,1
169,5,1714,1059,215,60,1,1,1,1
170,1,2523,1057,36,45,1,1,1,1
170,5,1710,1059,216,60,1,1,1,1
171,1,2525,1058,34,44,1,1,1,1
171,5,1707,1060,209,58,1,1,1,1
172,1,2527,1059,32,43,1,1,1,1
172,5,1701,1060,211,59,1,1,1,1
173,1,2530,1061,29,39,1,1,1,1
173,5,1695,1060,212,59,1,1,1,1
174,1,2531,1061,28,39,1,1,1,1
174,5,1688,1059,215,60,1,1,1,1
175,5,1682,1059,216,60,1,1,1,1
176,5,1675,1058,220,61,1,1,1,1
177,5,1671,1059,218,60,1,1,1,1
178,5,1666,1059,213,59,1,1,1,1
179,5,1664,1059,209,58,1,1,1,1
180,5,1655,1057,215,59,1,1,1,1
181,5,1651,1058,215,59,1,1,1,1
182,5,1644,1058,218,59,1,1,1,1
183,5,1639,1057,219,60,1,1,1,1
184,5,1634,1057,220,60,1,1,1,1
185,5,1629,1057,221,60,1,1,1,1
186,5,1626,1058,217,59,1,1,1,1
187,5,1621,1058,217,58,1,1,1,1
188,5,1615,1057,219,59,1,1,1,1
189,5,1607,1057,224,60,1,1,1,1
190,5,1600,1056,227,61,1,1,1,1
191,5,1593,1056,230,61,1,1,1,1
192,5,1588,1056,231,61,1,1,1,1
193,5,1581,1056,232,61,1,1,1,1
194,5,1572,1055,238,63,1,1,1,1
195,5,1568,1056,237,62,1,1,1,1
196,5,1564,1057,234,62,1,1,1,1
197,5,1554,1056,237,63,1,1,1,1
198,5,1548,1057,237,62,1,1,1,1
199,5,1543,1058,235,61,1,1,1,1
200,5,1534,1056,241,63,1,1,1,1
201,5,1531,1057,238,63,1,1,1,1
202,5,1521,1055,247,65,1,1,1,1
203,5,1512,1053,253,67,1,1,1,1
204,5,1511,1056,243,64,1,1,1,1
205,5,1508,1058,237,62,1,1,1,1
206,5,1499,1056,246,64,1,1,1,1
207,5,1494,1057,245,64,1,1,1,1
208,5,1492,1060,236,60,1,1,1,1
209,5,1480,1057,246,64,1,1,1,1
210,5,1476,1059,243,62,1,1,1,1
211,5,1470,1059,243,63,1,1,1,1
212,5,1462,1059,250,64,1,1,1,1
213,5,1453,1057,258,66,1,1,1,1
214,5,1445,1056,261,66,1,1,1,1
215,5,1437,1055,262,67,1,1,1,1
216,5,1436,1058,253,64,1,1,1,1
217,5,1431,1059,250,63,1,1,1,1
218,5,1421,1058,257,65,1,1,1,1
219,5,1413,1059,258,65,1,1,1,1
220,5,1404,1058,263,66,1,1,1,1
221,5,1401,1059,258,65,1,1,1,1
222,5,1395,1059,260,65,1,1,1,1
223,5,1391,1060,256,64,1,1,1,1
224,5,1387,1062,253,62,1,1,1,1
225,5,1380,1064,249,61,1,1,1,1
226,5,1371,1063,253,62,1,1,1,1
227,5,1362,1063,256,62,1,1,1,1
228,5,1352,1061,262,64,1,1,1,1
229,5,1343,1061,267,64,1,1,1,1
230,5,1337,1061,267,64,1,1,1,1
231,5,1333,1062,263,63,1,1,1,1
232,5,1326,1061,264,63,1,1,1,1
233,5,1321,1062,263,62,1,1,1,1
234,5,1314,1062,263,63,1,1,1,1
235,5,1307,1064,262,61,1,1,1,1
236,5,1298,1063,264,62,1,1,1,1
237,5,1288,1062,271,63,1,1,1,1
238,5,1282,1063,269,62,1,1,1,1
239,5,1276,1063,269,63,1,1,1,1
240,5,1266,1063,275,63,1,1,1,1
241,5,1257,1062,279,64,1,1,1,1
242,5,1249,1061,284,65,1,1,1,1
243,5,1240,1061,286,66,1,1,1,1
244,5,1232,1060,286,67,1,1,1,1
245,5,1223,1060,289,67,1,1,1,1
246,5,1215,1059,292,68,1,1,1,1
247,5,1208,1060,291,67,1,1,1,1
248,5,1201,1060,291,67,1,1,1,1
249,5,1192,1059,295,69,1,1,1,1
250,5,1183,1060,298,69,1,1,1,1
251,5,1176,1061,296,68,1,1,1,1
252,5,1171,1061,293,68,1,1,1,1
253,5,1162,1061,295,68,1,1,1,1
254,5,1152,1060,299,69,1,1,1,1
255,5,1144,1060,301,69,1,1,1,1
256,5,1136,1061,301,69,1,1,1,1
257,5,1128,1061,302,69,1,1,1,1
258,5,1122,1061,300,69,1,1,1,1
259,5,1110,1060,309,71,1,1,1,1
260,5,1103,1060,308,71,1,1,1,1
261,5,1097,1061,303,69,1,1,1,1
262,5,1093,1062,299,67,1,1,1,1
263,5,1082,1062,304,68,1,1,1,1
264,5,1073,1062,304,69,1,1,1,1
265,5,1067,1063,302,67,1,1,1,1
266,5,1056,1062,307,68,1,1,1,1
267,5,1047,1062,312,69,1,1,1,1
268,5,1034,1060,320,71,1,1,1,1
269,5,1024,1059,325,73,1,1,1,1
270,5,1015,1060,326,72,1,1,1,1
271,5,1006,1059,328,73,1,1,1,1
272,5,993,1058,336,75,1,1,1,1
273,5,983,1058,338,75,1,1,1,1
274,5,978,1058,334,75,1,1,1,1
275,5,970,1059,333,74,1,1,1,1
276,5,964,1060,328,73,1,1,1,1
277,5,953,1060,333,73,1,1,1,1
278,5,944,1060,335,74,1,1,1,1
279,5,936,1060,332,73,1,1,1,1
280,5,928,1060,331,73,1,1,1,1
281,5,917,1060,337,73,1,1,1,1
282,5,910,1059,337,73,1,1,1,1
283,5,897,1058,345,75,1,1,1,1
284,5,888,1059,344,74,1,1,1,1
285,5,878,1058,347,75,1,1,1,1
286,5,870,1058,348,75,1,1,1,1
287,5,858,1056,354,76,1,1,1,1
288,5,852,1056,351,76,1,1,1,1
289,5,838,1056,357,78,1,1,1,1
290,5,829,1057,355,77,1,1,1,1
291,5,820,1058,354,76,1,1,1,1
