0,0,881,612,339,81,1,1,1,1
0,0,1289,606,137,35,1,1,1,1
1,0,1782,1029,200,43,1,1,1,1
1,0,2248,1007,109,37,1,1,1,1
2,0,1793,1030,196,41,1,1,1,1
2,0,2243,1007,111,38,1,1,1,1
3,0,1800,1030,199,41,1,1,1,1
3,0,2238,1007,110,37,1,1,1,1
4,0,1810,1030,196,41,1,1,1,1
4,0,2231,1007,109,37,1,1,1,1
5,0,1817,1030,199,41,1,1,1,1
5,0,2225,1008,109,37,1,1,1,1
6,0,1828,1030,193,41,1,1,1,1
6,0,2218,1007,111,38,1,1,1,1
7,0,1833,1029,197,42,1,1,1,1
7,0,2211,1006,113,39,1,1,1,1
8,0,1841,1030,193,40,1,1,1,1
8,0,2207,1007,110,38,1,1,1,1
9,0,1848,1029,194,41,1,1,1,1
9,0,2200,1008,110,37,1,1,1,1
10,0,1860,1030,184,39,1,1,1,1
10,0,2195,1009,107,36,1,1,1,1
11,0,1861,1028,195,41,1,1,1,1
11,0,2189,1009,107,37,1,1,1,1
12,0,1871,1029,190,40,1,1,1,1
12,0,2181,1009,110,37,1,1,1,1
13,0,1878,1030,192,40,1,1,1,1
13,0,2174,1009,112,38,1,1,1,1
14,0,1887,1030,190,39,1,1,1,1
14,0,2166,1009,114,38,1,1,1,1
15,0,1893,1030,191,39,1,1,1,1
15,0,2157,1009,117,39,1,1,1,1
16,0,1901,1029,188,39,1,1,1,1
16,0,2152,1009,114,39,1,1,1,1
17,0,1908,1029,188,39,1,1,1,1
17,0,2145,1008,115,39,1,1,1,1
18,0,1915,1028,188,39,1,1,1,1
18,0,2139,1009,115,39,1,1,1,1
19,0,1923,1029,185,38,1,1,1,1
19,0,2132,1009,115,39,1,1,1,1
20,0,1929,1028,187,39,1,1,1,1
20,0,2126,1009,114,39,1,1,1,1
21,0,1935,1028,190,39,1,1,1,1
21,0,2122,1010,109,37,1,1,1,1
22,0,1935,1028,190,39,1,1,1,1
22,0,2111,1008,115,39,1,1,1,1
23,0,1935,1028,190,39,1,1,1,1
23,0,2105,1009,115,39,1,1,1,1
24,0,1935,1028,190,39,1,1,1,1
24,0,2098,1009,115,39,1,1,1,1
25,0,1935,1028,190,39,1,1,1,1
25,0,2094,1009,114,39,1,1,1,1
26,0,1964,1025,191,39,1,1,1,1
26,0,2069,1008,122,40,1,1,1,1
27,0,1964,1025,191,39,1,1,1,1
27,0,2077,1008,115,39,1,1,1,1
28,0,1964,1025,191,39,1,1,1,1
28,0,2071,1009,115,39,1,1,1,1
29,0,1964,1025,191,39,1,1,1,1
29,0,2064,1009,115,39,1,1,1,1
30,0,1964,1025,191,39,1,1,1,1
30,0,2062,1009,114,39,1,1,1,1
31,0,1985,1019,204,42,1,1,1,1
31,0,2051,1008,119,39,1,1,1,1
32,0,1985,1019,204,42,1,1,1,1
32,0,2043,1008,115,39,1,1,1,1
33,0,1985,1019,204,42,1,1,1,1
33,0,2037,1009,115,39,1,1,1,1
34,0,1985,1019,204,42,1,1,1,1
34,0,2036,1009,115,39,1,1,1,1
35,0,1985,1019,204,42,1,1,1,1
35,0,2036,1009,115,39,1,1,1,1
36,0,2017,1018,202,43,1,1,1,1
36,0,2026,1008,117,39,1,1,1,1
37,0,2017,1018,202,43,1,1,1,1
37,0,2026,1008,117,39,1,1,1,1
38,0,2017,1018,202,43,1,1,1,1
38,0,2026,1008,117,39,1,1,1,1
39,0,2017,1018,202,43,1,1,1,1
39,0,2026,1008,117,39,1,1,1,1
40,0,2017,1018,202,43,1,1,1,1
40,0,2026,1008,117,39,1,1,1,1
41,0,2057,1022,190,40,1,1,1,1
41,0,1987,1011,121,39,1,1,1,1
42,0,2057,1022,190,40,1,1,1,1
42,0,1986,1011,121,39,1,1,1,1
43,0,2057,1022,190,40,1,1,1,1
43,0,1985,1011,121,39,1,1,1,1
44,0,2057,1022,190,40,1,1,1,1
44,0,1984,1011,121,39,1,1,1,1
45,0,2057,1022,190,40,1,1,1,1
45,0,1983,1011,121,39,1,1,1,1
46,0,2091,1023,186,40,1,1,1,1
46,0,1942,1012,127,41,1,1,1,1
47,0,2103,1023,190,41,1,1,1,1
47,0,1918,1013,135,43,1,1,1,1
48,0,2112,1022,187,41,1,1,1,1
48,0,1904,1013,137,43,1,1,1,1
49,0,2121,1021,190,42,1,1,1,1
49,0,1893,1011,142,46,1,1,1,1
50,0,2128,1021,189,42,1,1,1,1
50,0,1881,1010,148,48,1,1,1,1
51,0,2137,1022,181,41,1,1,1,1
51,0,1873,1011,146,46,1,1,1,1
52,0,2145,1022,178,41,1,1,1,1
52,0,1865,1011,146,46,1,1,1,1
53,0,2151,1021,179,41,1,1,1,1
53,0,1855,1010,149,47,1,1,1,1
54,0,2160,1021,176,41,1,1,1,1
54,0,1847,1011,147,46,1,1,1,1
55,0,2167,1022,174,40,1,1,1,1
55,0,1839,1013,146,45,1,1,1,1
56,0,2172,1021,175,41,1,1,1,1
56,0,1832,1014,143,43,1,1,1,1
57,0,2178,1021,175,41,1,1,1,1
57,0,1821,1015,144,43,1,1,1,1
58,0,2184,1021,172,41,1,1,1,1
58,0,1809,1014,149,44,1,1,1,1
59,0,2191,1021,170,40,1,1,1,1
59,0,1799,1013,151,45,1,1,1,1
60,0,2196,1020,171,41,1,1,1,1
60,0,1787,1014,155,45,1,1,1,1
61,0,2202,1020,171,41,1,1,1,1
61,0,1777,1014,155,45,1,1,1,1
62,0,2206,1018,178,43,1,1,1,1
62,0,1768,1015,156,45,1,1,1,1
63,0,2216,1019,169,41,1,1,1,1
63,0,1760,1016,156,44,1,1,1,1
64,0,2222,1018,169,41,1,1,1,1
64,0,1748,1015,158,45,1,1,1,1
65,0,1731,1017,173,41,1,1,1,1
65,0,2227,1018,170,42,1,1,1,1
65,0,1739,1015,158,45,1,1,1,1
66,0,1743,1025,170,40,1,1,1,1
66,0,2235,1018,165,41,1,1,1,1
66,0,1739,1015,158,45,1,1,1,1
67,0,1743,1025,170,40,1,1,1,1
67,0,2243,1018,163,41,1,1,1,1
67,0,1739,1015,158,45,1,1,1,1
68,0,1743,1025,170,40,1,1,1,1
68,0,2250,1019,161,39,1,1,1,1
68,0,1738,1015,158,45,1,1,1,1
69,0,1743,1025,170,40,1,1,1,1
69,0,2255,1019,162,39,1,1,1,1
69,0,1737,1015,158,45,1,1,1,1
70,0,1751,1030,167,39,1,1,1,1
70,0,2260,1017,164,40,1,1,1,1
70,0,1694,1013,172,49,1,1,1,1
71,0,1751,1030,167,39,1,1,1,1
71,0,2264,1016,165,41,1,1,1,1
71,0,1693,1013,172,49,1,1,1,1
72,0,1751,1030,167,39,1,1,1,1
72,0,2271,1017,163,40,1,1,1,1
72,0,1692,1013,172,49,1,1,1,1
73,0,1751,1030,167,39,1,1,1,1
73,0,2279,1018,159,39,1,1,1,1
73,0,1691,1013,172,49,1,1,1,1
74,0,1751,1030,167,39,1,1,1,1
74,0,2284,1017,160,40,1,1,1,1
74,0,1690,1013,172,49,1,1,1,1
75,0,1755,1032,164,38,1,1,1,1
75,0,2288,1016,163,40,1,1,1,1
75,0,1644,1013,175,49,1,1,1,1
76,0,1755,1032,164,38,1,1,1,1
76,0,2297,1017,156,39,1,1,1,1
76,0,1644,1013,175,49,1,1,1,1
77,0,1755,1032,164,38,1,1,1,1
77,0,2305,1017,153,38,1,1,1,1
77,0,1644,1013,175,49,1,1,1,1
78,0,1755,1032,164,38,1,1,1,1
78,0,2310,1017,152,38,1,1,1,1
78,0,1644,1013,175,49,1,1,1,1
79,0,1755,1032,164,38,1,1,1,1
79,0,2317,1018,149,37,1,1,1,1
79,0,1644,1013,175,49,1,1,1,1
80,0,1758,1033,161,38,1,1,1,1
80,0,2323,1018,149,37,1,1,1,1
80,0,1589,1014,178,49,1,1,1,1
81,0,1758,1033,161,38,1,1,1,1
81,0,2326,1017,154,38,1,1,1,1
81,0,1588,1014,178,49,1,1,1,1
82,0,1758,1033,161,38,1,1,1,1
82,0,2334,1018,149,37,1,1,1,1
82,0,1587,1014,178,49,1,1,1,1
83,0,1758,1033,161,38,1,1,1,1
83,0,2337,1017,155,38,1,1,1,1
83,0,1586,1014,178,49,1,1,1,1
84,0,1758,1033,161,38,1,1,1,1
84,0,2344,1017,151,37,1,1,1,1
84,0,1585,1014,178,49,1,1,1,1
85,0,1758,1034,161,37,1,1,1,1
85,0,2347,1016,156,39,1,1,1,1
85,0,1525,1014,186,51,1,1,1,1
86,0,2351,1015,157,39,1,1,1,1
86,0,1495,1013,192,53,1,1,1,1
87,0,2357,1015,157,39,1,1,1,1
87,0,1481,1017,185,49,1,1,1,1
88,0,2361,1014,162,40,1,1,1,1
88,0,1463,1016,191,51,1,1,1,1
89,0,2368,1014,160,40,1,1,1,1
89,0,1452,1018,189,49,1,1,1,1
90,0,2375,1015,156,39,1,1,1,1
90,0,1433,1016,199,52,1,1,1,1
91,0,2380,1015,155,39,1,1,1,1
91,0,1417,1014,205,54,1,1,1,1
92,0,2387,1016,152,38,1,1,1,1
92,0,1400,1013,211,54,1,1,1,1
93,0,2393,1015,153,38,1,1,1,1
93,0,1386,1012,213,55,1,1,1,1
94,0,2397,1014,155,39,1,1,1,1
94,0,1373,1013,213,55,1,1,1,1
95,0,2406,1015,149,37,1,1,1,1
95,0,1360,1014,212,54,1,1,1,1
96,0,2411,1015,148,38,1,1,1,1
96,0,1346,1014,213,55,1,1,1,1
97,0,2417,1015,142,37,1,1,1,1
97,0,1334,1015,213,53,1,1,1,1
98,0,2421,1014,138,37,1,1,1,1
98,0,1318,1016,213,53,1,1,1,1
99,0,2423,1014,136,37,1,1,1,1
99,0,1306,1017,209,52,1,1,1,1
100,0,2423,1011,136,40,1,1,1,1
100,0,1290,1018,212,52,1,1,1,1
101,0,2426,1010,133,41,1,1,1,1
101,0,1277,1020,209,50,1,1,1,1
102,0,2428,1009,131,42,1,1,1,1
102,0,1261,1020,213,51,1,1,1,1
103,0,2432,1007,127,43,1,1,1,1
103,0,1245,1020,216,51,1,1,1,1
104,0,2438,1007,121,43,1,1,1,1
104,0,1228,1020,221,51,1,1,1,1
105,0,2443,1008,116,41,1,1,1,1
105,0,1210,1020,225,52,1,1,1,1
105,0,10,1013,61,81,1,1,1,1
106,0,2451,1008,108,40,1,1,1,1
106,0,1195,1020,227,52,1,1,1,1
106,0,16,1014,61,81,1,1,1,1
107,0,2455,1007,104,40,1,1,1,1
107,0,1174,1017,237,54,1,1,1,1
107,0,28,1016,62,78,1,1,1,1
108,0,2459,1006,100,42,1,1,1,1
108,0,1157,1016,241,55,1,1,1,1
108,0,39,1018,64,75,1,1,1,1
109,0,2461,1004,98,45,1,1,1,1
109,0,1141,1018,242,54,1,1,1,1
109,0,48,1017,68,74,1,1,1,1
110,0,2464,1002,95,48,1,1,1,1
110,0,1126,1018,240,53,1,1,1,1
110,0,56,1015,75,74,1,1,1,1
111,0,2468,1001,91,49,1,1,1,1
111,0,1109,1018,243,54,1,1,1,1
111,0,61,1013,86,76,1,1,1,1
112,0,2474,1001,85,47,1,1,1,1
112,0,1085,1016,259,57,1,1,1,1
112,0,68,1013,95,76,1,1,1,1
113,0,2476,1000,83,46,1,1,1,1
113,0,1070,1016,257,57,1,1,1,1
113,0,73,1014,107,76,1,1,1,1
114,0,2478,1001,81,43,1,1,1,1
114,0,1053,1017,259,57,1,1,1,1
114,0,75,1010,127,82,1,1,1,1
115,0,2480,1001,79,40,1,1,1,1
115,0,1036,1018,259,56,1,1,1,1
115,0,80,1009,141,83,1,1,1,1
116,0,2479,1001,80,39,1,1,1,1
116,0,1016,1018,264,57,1,1,1,1
116,0,82,1007,160,85,1,1,1,1
117,0,2472,1000,85,38,1,1,1,1
117,0,1002,1019,261,57,1,1,1,1
117,0,82,1003,184,91,1,1,1,1
118,0,2469,999,85,38,1,1,1,1
118,0,988,1020,256,55,1,1,1,1
118,0,93,1013,185,82,1,1,1,1
119,0,2465,1000,86,38,1,1,1,1
119,0,972,1020,257,55,1,1,1,1
119,0,107,1019,191,76,1,1,1,1
120,0,2464,1001,83,36,1,1,1,1
120,0,951,1018,263,56,1,1,1,1
120,0,115,1019,207,76,1,1,1,1
121,0,2460,1002,81,34,1,1,1,1
121,0,931,1018,269,57,1,1,1,1
121,0,132,1021,215,74,1,1,1,1
122,0,2454,1003,82,34,1,1,1,1
122,0,908,1017,274,58,1,1,1,1
122,0,153,1022,226,72,1,1,1,1
123,0,2448,1003,84,34,1,1,1,1
123,0,884,1015,285,60,1,1,1,1
123,0,172,1022,236,71,1,1,1,1
124,0,2442,1004,87,34,1,1,1,1
124,0,867,1015,285,60,1,1,1,1
124,0,190,1023,247,71,1,1,1,1
125,0,2437,1003,91,35,1,1,1,1
125,0,849,1014,289,61,1,1,1,1
125,0,209,1023,257,71,1,1,1,1
126,0,2432,1004,90,34,1,1,1,1
126,0,833,1015,285,59,1,1,1,1
126,0,224,1024,266,71,1,1,1,1
127,0,2425,1003,93,35,1,1,1,1
127,0,809,1014,292,61,1,1,1,1
127,0,243,1024,274,71,1,1,1,1
128,0,2419,1003,98,36,1,1,1,1
128,0,792,1014,292,62,1,1,1,1
128,0,259,1024,285,72,1,1,1,1
129,0,2414,1002,99,36,1,1,1,1
129,0,771,1015,292,61,1,1,1,1
129,0,280,1025,283,70,1,1,1,1
130,0,2409,1003,99,35,1,1,1,1
130,0,749,1013,300,63,1,1,1,1
130,0,301,1027,283,68,1,1,1,1
131,0,2404,1004,97,34,1,1,1,1
131,0,728,1012,306,64,1,1,1,1
131,0,319,1025,292,70,1,1,1,1
132,0,2398,1004,97,34,1,1,1,1
132,0,709,1012,303,63,1,1,1,1
132,0,333,1024,302,71,1,1,1,1
133,0,2392,1005,98,34,1,1,1,1
133,0,693,1013,292,61,1,1,1,1
133,0,357,1026,295,68,1,1,1,1
134,0,2385,1005,102,35,1,1,1,1
134,0,651,1010,306,63,1,1,1,1
134,0,379,1027,297,67,1,1,1,1
135,0,2379,1004,105,36,1,1,1,1
135,0,651,1009,306,63,1,1,1,1
135,0,406,1030,283,68,1,1,1,1
136,0,2375,1005,103,35,1,1,1,1
136,0,651,1008,306,63,1,1,1,1
136,0,427,1026,292,70,1,1,1,1
137,0,2371,1005,102,35,1,1,1,1
137,0,614,1011,303,63,1,1,1,1
137,0,437,1024,302,71,1,1,1,1
138,0,2364,1005,103,35,1,1,1,1
138,0,594,1011,292,61,1,1,1,1
138,0,460,1026,295,68,1,1,1,1
139,0,2356,1004,108,37,1,1,1,1
139,0,575,1009,300,62,1,1,1,1
139,0,481,1024,304,70,1,1,1,1
140,0,2349,1004,111,37,1,1,1,1
140,0,575,1009,300,62,1,1,1,1
140,0,511,1033,283,68,1,1,1,1
141,0,2343,1004,111,37,1,1,1,1
141,0,574,1009,300,62,1,1,1,1
141,0,535,1027,292,70,1,1,1,1
142,0,2338,1004,111,37,1,1,1,1
142,0,573,1009,300,62,1,1,1,1
142,0,541,1024,302,71,1,1,1,1
143,0,2335,1005,109,36,1,1,1,1
143,0,572,1009,300,62,1,1,1,1
143,0,563,1026,295,68,1,1,1,1
144,0,2329,1005,109,37,1,1,1,1
144,0,483,1007,309,64,1,1,1,1
144,0,570,1022,309,72,1,1,1,1
145,0,2322,1005,111,36,1,1,1,1
145,0,483,1007,309,64,1,1,1,1
145,0,616,1036,283,68,1,1,1,1
146,0,2315,1004,115,38,1,1,1,1
146,0,482,1007,309,64,1,1,1,1
146,0,643,1028,292,70,1,1,1,1
147,0,2309,1003,117,39,1,1,1,1
147,0,481,1007,309,64,1,1,1,1
147,0,645,1024,302,71,1,1,1,1
148,0,2303,1003,118,39,1,1,1,1
148,0,480,1007,309,64,1,1,1,1
148,0,666,1026,295,68,1,1,1,1
149,0,2296,1003,118,39,1,1,1,1
149,0,382,1009,315,64,1,1,1,1
149,0,678,1026,290,67,1,1,1,1
150,0,2289,1002,123,41,1,1,1,1
150,0,382,1009,315,64,1,1,1,1
150,0,721,1039,283,68,1,1,1,1
151,0,2283,1002,123,41,1,1,1,1
151,0,323,1012,311,63,1,1,1,1
151,0,716,1029,290,67,1,1,1,1
152,0,2279,1003,119,39,1,1,1,1
152,0,285,1012,318,63,1,1,1,1
152,0,731,1028,285,65,1,1,1,1
153,0,2272,1002,121,41,1,1,1,1
153,0,251,1009,334,67,1,1,1,1
153,0,743,1026,296,68,1,1,1,1
154,0,2265,1003,121,40,1,1,1,1
154,0,226,1008,340,68,1,1,1,1
154,0,759,1025,299,69,1,1,1,1
155,0,2259,1004,122,40,1,1,1,1
155,0,203,1009,335,66,1,1,1,1
155,0,780,1026,290,68,1,1,1,1
156,0,2252,1004,124,41,1,1,1,1
156,0,186,1011,322,63,1,1,1,1
156,0,804,1028,281,65,1,1,1,1
157,0,2246,1004,124,41,1,1,1,1
157,0,166,1014,317,60,1,1,1,1
157,0,818,1026,286,66,1,1,1,1
158,0,2241,1005,122,41,1,1,1,1
158,0,136,1012,330,63,1,1,1,1
158,0,840,1026,281,65,1,1,1,1
159,0,2236,1006,121,40,1,1,1,1
159,0,114,1012,328,62,1,1,1,1
159,0,855,1026,283,66,1,1,1,1
160,0,2230,1007,120,39,1,1,1,1
160,0,84,1010,343,64,1,1,1,1
160,0,871,1025,286,66,1,1,1,1
161,0,2222,1006,123,40,1,1,1,1
161,0,51,1007,356,67,1,1,1,1
161,0,885,1024,285,67,1,1,1,1
162,0,2215,1005,124,41,1,1,1,1
162,0,18,1002,376,71,1,1,1,1
162,0,903,1025,280,65,1,1,1,1
163,0,2210,1006,123,40,1,1,1,1
163,0,0,998,383,76,1,1,1,1
163,0,919,1024,283,67,1,1,1,1
164,0,2202,1005,126,41,1,1,1,1
164,0,0,993,370,78,1,1,1,1
164,0,937,1025,281,66,1,1,1,1
165,0,2195,1005,126,41,1,1,1,1
165,0,0,991,355,80,1,1,1,1
165,0,953,1025,282,67,1,1,1,1
166,0,2190,1006,124,40,1,1,1,1
166,0,0,992,331,78,1,1,1,1
166,0,973,1026,273,66,1,1,1,1
167,0,2183,1007,125,39,1,1,1,1
167,0,0,992,315,78,1,1,1,1
167,0,986,1025,279,67,1,1,1,1
168,0,2176,1008,124,39,1,1,1,1
168,0,0,991,300,79,1,1,1,1
168,0,1004,1025,276,67,1,1,1,1
169,0,2168,1008,127,39,1,1,1,1
169,0,0,991,284,80,1,1,1,1
169,0,1019,1025,276,67,1,1,1,1
170,0,2155,1005,138,44,1,1,1,1
170,0,0,990,271,82,1,1,1,1
170,0,1032,1025,278,67,1,1,1,1
171,0,2149,1006,137,43,1,1,1,1
171,0,0,991,248,81,1,1,1,1
171,0,1051,1025,272,67,1,1,1,1
172,0,2143,1005,137,43,1,1,1,1
172,0,0,992,225,80,1,1,1,1
172,0,1067,1025,270,67,1,1,1,1
173,0,2135,1006,138,43,1,1,1,1
173,0,0,993,203,79,1,1,1,1
173,0,1085,1026,263,65,1,1,1,1
174,0,2125,1005,144,45,1,1,1,1
174,0,0,990,195,86,1,1,1,1
174,0,1099,1025,265,66,1,1,1,1
175,0,2117,1004,146,46,1,1,1,1
175,0,0,989,181,87,1,1,1,1
175,0,1115,1024,263,65,1,1,1,1
176,0,2112,1005,141,44,1,1,1,1
176,0,1128,1024,263,65,1,1,1,1
176,0,0,1015,53,55,1,1,1,1
176,0,2515,1005,44,33,1,1,1,1
177,0,2106,1006,139,43,1,1,1,1
177,0,1143,1023,264,66,1,1,1,1
177,0,0,1005,46,68,1,1,1,1
177,0,2513,1006,42,32,1,1,1,1
178,0,2099,1007,137,42,1,1,1,1
178,0,1157,1022,265,67,1,1,1,1
178,0,0,1002,40,72,1,1,1,1
178,0,2511,1006,42,31,1,1,1,1
179,0,2091,1006,139,43,1,1,1,1
179,0,1170,1021,265,68,1,1,1,1
179,0,2507,1006,43,31,1,1,1,1
180,0,2083,1005,143,45,1,1,1,1
180,0,1186,1021,263,68,1,1,1,1
180,0,2504,1008,40,28,1,1,1,1
181,0,2077,1007,140,43,1,1,1,1
181,0,1202,1022,257,67,1,1,1,1
181,0,2500,1009,41,27,1,1,1,1
182,0,2068,1007,142,43,1,1,1,1
182,0,1219,1022,253,67,1,1,1,1
182,0,2496,1010,40,26,1,1,1,1
183,0,2058,1006,146,44,1,1,1,1
183,0,1233,1023,248,65,1,1,1,1
183,0,2491,1011,41,25,1,1,1,1
184,0,2050,1006,149,45,1,1,1,1
184,0,1251,1023,241,64,1,1,1,1
184,0,2485,1011,42,25,1,1,1,1
185,0,2044,1007,146,44,1,1,1,1
185,0,1267,1023,237,63,1,1,1,1
185,0,2480,1011,44,25,1,1,1,1
186,0,2038,1008,145,43,1,1,1,1
186,0,1282,1024,233,62,1,1,1,1
186,0,2473,1010,47,26,1,1,1,1
187,0,2030,1008,145,43,1,1,1,1
187,0,1293,1023,236,63,1,1,1,1
187,0,2467,1010,48,26,1,1,1,1
188,0,2022,1009,146,43,1,1,1,1
188,0,1305,1023,236,63,1,1,1,1
188,0,2460,1010,50,26,1,1,1,1
189,0,2011,1009,149,43,1,1,1,1
189,0,1316,1021,245,66,1,1,1,1
189,0,2453,1010,54,27,1,1,1,1
190,0,2002,1008,150,44,1,1,1,1
190,0,1327,1019,248,68,1,1,1,1
190,0,2448,1010,54,27,1,1,1,1
191,0,1994,1008,151,44,1,1,1,1
191,0,1341,1019,245,68,1,1,1,1
191,0,2442,1011,54,26,1,1,1,1
191,0,7,1001,131,92,1,1,1,1
192,0,1985,1008,154,45,1,1,1,1
192,0,1357,1020,239,67,1,1,1,1
192,0,2437,1011,55,26,1,1,1,1
192,0,13,997,140,97,1,1,1,1
193,0,1975,1009,156,45,1,1,1,1
193,0,1373,1021,229,65,1,1,1,1
193,0,2432,1011,55,26,1,1,1,1
193,0,29,1006,129,88,1,1,1,1
194,0,1965,1009,159,45,1,1,1,1
194,0,1384,1021,232,65,1,1,1,1
194,0,2427,1013,54,24,1,1,1,1
194,0,41,1008,130,86,1,1,1,1
195,0,1955,1008,163,46,1,1,1,1
195,0,1399,1021,227,64,1,1,1,1
195,0,2420,1012,56,25,1,1,1,1
195,0,48,1008,138,87,1,1,1,1
196,0,1946,1008,164,47,1,1,1,1
196,0,1415,1022,220,63,1,1,1,1
196,0,2415,1012,57,25,1,1,1,1
196,0,59,1013,137,82,1,1,1,1
197,0,1936,1008,168,47,1,1,1,1
197,0,1428,1022,218,62,1,1,1,1
197,0,2410,1012,58,25,1,1,1,1
197,0,71,1015,140,78,1,1,1,1
198,0,1926,1008,169,48,1,1,1,1
198,0,1446,1023,206,59,1,1,1,1
198,0,2404,1012,60,25,1,1,1,1
198,0,73,1007,160,83,1,1,1,1
199,0,1915,1007,172,49,1,1,1,1
199,0,1460,1024,203,57,1,1,1,1
199,0,2397,1013,60,25,1,1,1,1
199,0,86,1018,157,75,1,1,1,1
200,0,1906,1008,173,49,1,1,1,1
200,0,1470,1022,209,59,1,1,1,1
200,0,2391,1013,62,25,1,1,1,1
200,0,98,1025,160,69,1,1,1,1
201,0,1897,1008,174,49,1,1,1,1
201,0,1485,1022,205,58,1,1,1,1
201,0,2385,1012,62,25,1,1,1,1
201,0,109,1024,172,67,1,1,1,1
202,0,1889,1009,175,49,1,1,1,1
202,0,1496,1021,207,58,1,1,1,1
202,0,2378,1011,65,27,1,1,1,1
202,0,124,1031,170,60,1,1,1,1
203,0,1877,1009,178,49,1,1,1,1
203,0,1508,1019,209,60,1,1,1,1
203,0,2373,1011,66,27,1,1,1,1
203,0,126,1034,181,57,1,1,1,1
204,0,1866,1008,182,50,1,1,1,1
204,0,1524,1021,201,57,1,1,1,1
204,0,2366,1012,68,27,1,1,1,1
204,0,156,1039,182,52,1,1,1,1
205,0,1855,1007,187,52,1,1,1,1
205,0,1532,1020,208,59,1,1,1,1
205,0,2360,1013,68,26,1,1,1,1
205,0,179,1039,191,50,1,1,1,1
206,0,1845,1007,185,52,1,1,1,1
206,0,1542,1018,211,60,1,1,1,1
206,0,2355,1013,67,26,1,1,1,1
206,0,195,1037,209,52,1,1,1,1
207,0,1836,1008,185,51,1,1,1,1
207,0,1554,1019,207,60,1,1,1,1
207,0,224,1040,212,50,1,1,1,1
208,0,1828,1008,182,51,1,1,1,1
208,0,1566,1018,210,61,1,1,1,1
208,0,2343,1013,69,27,1,1,1,1
208,0,236,1038,233,53,1,1,1,1
209,0,1816,1008,186,51,1,1,1,1
209,0,1580,1020,204,58,1,1,1,1
209,0,2338,1014,68,26,1,1,1,1
209,0,243,1033,261,59,1,1,1,1
210,0,1809,1009,182,50,1,1,1,1
210,0,1595,1021,200,57,1,1,1,1
210,0,2331,1015,69,25,1,1,1,1
210,0,265,1037,252,54,1,1,1,1
211,0,1802,1010,177,48,1,1,1,1
211,0,1603,1020,205,59,1,1,1,1
211,0,2326,1016,69,25,1,1,1,1
211,0,289,1040,243,51,1,1,1,1
212,0,1802,1010,177,48,1,1,1,1
212,0,1603,1020,205,59,1,1,1,1
212,0,2320,1015,69,25,1,1,1,1
212,0,308,1043,236,47,1,1,1,1
213,0,1802,1010,177,48,1,1,1,1
213,0,1603,1020,205,59,1,1,1,1
213,0,2314,1016,68,25,1,1,1,1
213,0,319,1041,257,51,1,1,1,1
214,0,1802,1010,177,48,1,1,1,1
214,0,1603,1020,205,59,1,1,1,1
214,0,2308,1017,67,24,1,1,1,1
214,0,341,1042,250,49,1,1,1,1
215,0,1801,1010,177,48,1,1,1,1
215,0,1603,1020,205,59,1,1,1,1
215,0,2299,1015,73,26,1,1,1,1
215,0,358,1042,262,50,1,1,1,1
216,0,1777,1011,167,44,1,1,1,1
216,0,1649,1021,193,56,1,1,1,1
216,0,2292,1015,75,27,1,1,1,1
216,0,365,1038,288,54,1,1,1,1
217,0,1776,1011,167,44,1,1,1,1
217,0,1649,1021,193,56,1,1,1,1
217,0,2285,1015,78,28,1,1,1,1
217,0,379,1035,304,58,1,1,1,1
218,0,1775,1011,167,44,1,1,1,1
218,0,1649,1021,193,56,1,1,1,1
218,0,2277,1014,82,29,1,1,1,1
218,0,399,1036,305,57,1,1,1,1
219,0,1774,1011,167,44,1,1,1,1
219,0,1649,1021,193,56,1,1,1,1
219,0,2268,1012,88,32,1,1,1,1
219,0,425,1038,294,54,1,1,1,1
220,0,1773,1011,167,44,1,1,1,1
220,0,1649,1021,193,56,1,1,1,1
220,0,2261,1012,91,33,1,1,1,1
220,0,447,1037,291,54,1,1,1,1
221,0,1767,1011,163,43,1,1,1,1
221,0,1689,1018,202,58,1,1,1,1
221,0,2255,1012,91,34,1,1,1,1
221,0,461,1036,298,55,1,1,1,1
222,0,1767,1011,163,43,1,1,1,1
222,0,1689,1018,202,58,1,1,1,1
222,0,2250,1013,87,33,1,1,1,1
222,0,481,1039,296,54,1,1,1,1
223,0,1767,1011,163,43,1,1,1,1
223,0,1689,1018,202,58,1,1,1,1
223,0,2244,1013,86,33,1,1,1,1
223,0,496,1037,308,56,1,1,1,1
224,0,1767,1011,163,43,1,1,1,1
224,0,1689,1018,202,58,1,1,1,1
224,0,2238,1013,85,33,1,1,1,1
224,0,516,1037,308,56,1,1,1,1
225,0,1767,1011,163,43,1,1,1,1
225,0,1689,1018,202,58,1,1,1,1
225,0,2234,1014,82,31,1,1,1,1
225,0,539,1038,304,55,1,1,1,1
226,0,1761,1013,198,54,1,1,1,1
226,0,1675,1012,198,54,1,1,1,1
226,0,2227,1014,82,31,1,1,1,1
226,0,557,1037,309,56,1,1,1,1
227,0,1761,1013,198,54,1,1,1,1
227,0,1675,1012,198,54,1,1,1,1
227,0,2218,1013,86,32,1,1,1,1
227,0,570,1035,320,59,1,1,1,1
228,0,1761,1013,198,54,1,1,1,1
228,0,1675,1012,198,54,1,1,1,1
228,0,2210,1011,89,34,1,1,1,1
228,0,588,1037,317,58,1,1,1,1
229,0,1761,1013,198,54,1,1,1,1
229,0,1675,1012,198,54,1,1,1,1
229,0,2205,1012,87,33,1,1,1,1
229,0,606,1035,319,60,1,1,1,1
230,0,1761,1013,198,54,1,1,1,1
230,0,1675,1012,198,54,1,1,1,1
230,0,2199,1013,85,33,1,1,1,1
230,0,630,1033,322,61,1,1,1,1
231,0,1795,1014,207,57,1,1,1,1
231,0,1608,1010,202,55,1,1,1,1
231,0,2193,1015,83,32,1,1,1,1
231,0,659,1036,299,57,1,1,1,1
232,0,1795,1014,207,57,1,1,1,1
232,0,1608,1010,202,55,1,1,1,1
232,0,2188,1016,80,31,1,1,1,1
232,0,682,1038,290,55,1,1,1,1
233,0,1795,1014,207,57,1,1,1,1
233,0,1608,1010,202,55,1,1,1,1
233,0,2181,1017,78,29,1,1,1,1
233,0,702,1038,290,55,1,1,1,1
234,0,1795,1014,207,57,1,1,1,1
234,0,1608,1010,202,55,1,1,1,1
234,0,2171,1016,84,32,1,1,1,1
235,0,1795,1014,207,57,1,1,1,1
235,0,1608,1010,202,55,1,1,1,1
235,0,2164,1016,83,31,1,1,1,1
235,0,736,1030,256,56,1,1,1,1
236,0,1852,1016,194,54,1,1,1,1
236,0,1544,1011,196,53,1,1,1,1
236,0,2158,1018,81,30,1,1,1,1
236,0,755,1036,273,52,1,1,1,1
236,0,742,1031,249,55,1,1,1,1
237,0,1879,1016,192,53,1,1,1,1
237,0,1509,1013,199,52,1,1,1,1
237,0,2152,1018,79,29,1,1,1,1
237,0,774,1036,271,51,1,1,1,1
238,0,1896,1016,190,53,1,1,1,1
238,0,1486,1012,204,53,1,1,1,1
238,0,2144,1018,81,30,1,1,1,1
239,0,1907,1016,192,54,1,1,1,1
239,0,1466,1011,213,55,1,1,1,1
239,0,2139,1019,77,29,1,1,1,1
239,0,815,1033,252,53,1,1,1,1
240,0,1921,1016,187,53,1,1,1,1
240,0,1449,1010,220,56,1,1,1,1
240,0,2131,1020,81,29,1,1,1,1
240,0,831,1036,265,50,1,1,1,1
240,0,820,1033,249,53,1,1,1,1
241,0,1930,1015,189,54,1,1,1,1
241,0,1431,1009,229,58,1,1,1,1
241,0,2124,1019,81,30,1,1,1,1
241,0,831,1036,265,50,1,1,1,1
241,0,820,1033,249,53,1,1,1,1
242,0,1945,1017,181,51,1,1,1,1
242,0,1417,1010,230,58,1,1,1,1
242,0,2100,1016,92,33,1,1,1,1
242,0,831,1036,265,50,1,1,1,1
242,0,820,1033,249,53,1,1,1,1
243,0,1945,1017,181,51,1,1,1,1
243,0,1399,1008,239,60,1,1,1,1
243,0,2100,1016,92,33,1,1,1,1
243,0,831,1036,265,50,1,1,1,1
243,0,820,1033,249,53,1,1,1,1
244,0,1945,1017,181,51,1,1,1,1
244,0,1383,1008,240,60,1,1,1,1
244,0,2100,1016,92,33,1,1,1,1
244,0,831,1036,265,50,1,1,1,1
244,0,820,1033,249,53,1,1,1,1
245,0,1945,1017,181,51,1,1,1,1
245,0,1370,1009,240,60,1,1,1,1
245,0,2100,1016,92,33,1,1,1,1
245,0,882,1031,276,53,1,1,1,1
245,0,821,1032,248,53,1,1,1,1
246,0,1945,1017,181,51,1,1,1,1
246,0,1356,1008,244,60,1,1,1,1
246,0,2100,1016,92,33,1,1,1,1
246,0,882,1031,276,53,1,1,1,1
246,0,821,1032,248,53,1,1,1,1
247,0,1983,1015,182,52,1,1,1,1
247,0,1343,1009,243,60,1,1,1,1
247,0,2090,1015,93,33,1,1,1,1
247,0,882,1031,276,53,1,1,1,1
247,0,821,1032,248,53,1,1,1,1
248,0,1983,1015,182,52,1,1,1,1
248,0,1330,1009,243,60,1,1,1,1
248,0,882,1031,276,53,1,1,1,1
248,0,821,1032,248,53,1,1,1,1
249,0,2011,1015,178,50,1,1,1,1
249,0,1317,1011,240,59,1,1,1,1
249,0,882,1031,276,53,1,1,1,1
249,0,821,1032,248,53,1,1,1,1
250,0,2027,1014,178,51,1,1,1,1
250,0,1305,1012,237,57,1,1,1,1
250,0,955,1032,274,53,1,1,1,1
250,0,821,1031,249,53,1,1,1,1
251,0,2037,1013,183,53,1,1,1,1
251,0,1293,1013,235,56,1,1,1,1
251,0,955,1032,274,53,1,1,1,1
251,0,821,1031,249,53,1,1,1,1
252,0,2046,1013,182,52,1,1,1,1
252,0,1276,1014,235,56,1,1,1,1
252,0,955,1032,274,53,1,1,1,1
252,0,821,1031,249,53,1,1,1,1
253,0,2059,1014,179,51,1,1,1,1
253,0,1180,1014,271,60,1,1,1,1
253,0,955,1032,274,53,1,1,1,1
253,0,821,1031,249,53,1,1,1,1
254,0,2070,1013,178,51,1,1,1,1
254,0,1180,1014,271,60,1,1,1,1
254,0,955,1032,274,53,1,1,1,1
254,0,821,1031,249,53,1,1,1,1
255,0,2081,1014,173,49,1,1,1,1
255,0,1180,1014,271,60,1,1,1,1
255,0,972,1031,274,53,1,1,1,1
255,0,820,1030,249,53,1,1,1,1
256,0,2089,1013,177,51,1,1,1,1
256,0,1180,1014,271,60,1,1,1,1
256,0,972,1031,274,53,1,1,1,1
256,0,820,1030,249,53,1,1,1,1
256,0,1988,1017,127,35,1,1,1,1
257,0,2089,1013,177,51,1,1,1,1
257,0,1180,1014,271,60,1,1,1,1
257,0,972,1031,274,53,1,1,1,1
257,0,820,1030,249,53,1,1,1,1
257,0,1983,1017,125,35,1,1,1,1
258,0,2089,1013,177,51,1,1,1,1
258,0,1133,1016,286,64,1,1,1,1
258,0,972,1031,274,53,1,1,1,1
258,0,820,1030,249,53,1,1,1,1
258,0,1983,1017,125,35,1,1,1,1
259,0,2089,1013,177,51,1,1,1,1
259,0,1133,1016,286,64,1,1,1,1
259,0,972,1031,274,53,1,1,1,1
259,0,820,1030,249,53,1,1,1,1
259,0,1983,1017,125,35,1,1,1,1
260,0,2089,1013,177,51,1,1,1,1
260,0,1072,1018,271,60,1,1,1,1
260,0,983,1030,274,53,1,1,1,1
260,0,819,1029,249,53,1,1,1,1
260,0,1983,1017,125,35,1,1,1,1
261,0,2127,1012,173,50,1,1,1,1
261,0,1085,1017,271,60,1,1,1,1
261,0,983,1030,274,53,1,1,1,1
261,0,819,1029,249,53,1,1,1,1
261,0,1958,1022,112,31,1,1,1,1
262,0,2147,1012,170,50,1,1,1,1
262,0,1102,1016,271,60,1,1,1,1
262,0,983,1030,274,53,1,1,1,1
262,0,819,1029,249,53,1,1,1,1
262,0,1944,1024,107,30,1,1,1,1
263,0,2163,1013,164,48,1,1,1,1
263,0,1074,1016,270,61,1,1,1,1
263,0,983,1030,274,53,1,1,1,1
263,0,819,1029,249,53,1,1,1,1
263,0,1935,1025,102,29,1,1,1,1
264,0,2174,1014,164,47,1,1,1,1
264,0,983,1030,274,53,1,1,1,1
264,0,1091,1020,291,63,1,1,1,1
264,0,819,1029,249,53,1,1,1,1
264,0,1926,1025,102,29,1,1,1,1
265,0,2184,1013,165,48,1,1,1,1
265,0,990,1029,274,53,1,1,1,1
265,0,1103,1019,292,64,1,1,1,1
265,0,818,1028,249,53,1,1,1,1
265,0,1916,1026,104,29,1,1,1,1
266,0,2193,1011,167,50,1,1,1,1
266,0,990,1029,274,53,1,1,1,1
266,0,1103,1019,292,64,1,1,1,1
266,0,1906,1025,106,30,1,1,1,1
267,0,2203,1011,167,49,1,1,1,1
267,0,990,1029,274,53,1,1,1,1
267,0,1103,1019,292,64,1,1,1,1
267,0,1896,1024,110,31,1,1,1,1
268,0,2211,1009,168,51,1,1,1,1
268,0,990,1029,274,53,1,1,1,1
268,0,1103,1019,292,64,1,1,1,1
268,0,1887,1024,110,32,1,1,1,1
269,0,2223,1011,162,49,1,1,1,1
269,0,990,1029,274,53,1,1,1,1
269,0,1120,1018,293,64,1,1,1,1
269,0,1878,1024,108,31,1,1,1,1
270,0,2231,1010,164,49,1,1,1,1
270,0,965,1013,289,64,1,1,1,1
270,0,994,1028,275,53,1,1,1,1
270,0,1120,1018,293,64,1,1,1,1
270,0,1868,1024,109,32,1,1,1,1
270,0,1320,1025,208,55,1,1,1,1
271,0,2243,1010,159,49,1,1,1,1
271,0,950,1013,290,64,1,1,1,1
271,0,994,1028,275,53,1,1,1,1
271,0,1120,1018,293,64,1,1,1,1
271,0,1856,1023,113,33,1,1,1,1
271,0,1321,1024,211,57,1,1,1,1
272,0,2253,1010,159,49,1,1,1,1
272,0,994,1028,275,53,1,1,1,1
272,0,1120,1018,293,64,1,1,1,1
272,0,1844,1023,117,34,1,1,1,1
273,0,2262,1010,157,49,1,1,1,1
273,0,994,1028,275,53,1,1,1,1
273,0,1120,1018,293,64,1,1,1,1
273,0,1835,1024,115,33,1,1,1,1
274,0,2272,1011,154,47,1,1,1,1
274,0,994,1028,275,53,1,1,1,1
274,0,1132,1017,293,64,1,1,1,1
274,0,1826,1025,114,33,1,1,1,1
274,0,1380,1026,201,54,1,1,1,1
275,0,2280,1010,156,48,1,1,1,1
275,0,862,1009,315,69,1,1,1,1
275,0,996,1027,275,53,1,1,1,1
275,0,1132,1017,293,64,1,1,1,1
275,0,1815,1024,118,35,1,1,1,1
275,0,1383,1027,201,54,1,1,1,1
276,0,2291,1011,151,47,1,1,1,1
276,0,845,1008,317,71,1,1,1,1
276,0,996,1027,275,53,1,1,1,1
276,0,1132,1017,293,64,1,1,1,1
276,0,1805,1024,119,35,1,1,1,1
277,0,2299,1010,152,47,1,1,1,1
277,0,996,1027,275,53,1,1,1,1
277,0,1132,1017,293,64,1,1,1,1
277,0,1798,1025,115,34,1,1,1,1
278,0,2309,1009,151,47,1,1,1,1
278,0,996,1027,275,53,1,1,1,1
278,0,1132,1017,293,64,1,1,1,1
278,0,808,1009,316,67,1,1,1,1
278,0,1786,1026,116,34,1,1,1,1
278,0,1423,1029,205,50,1,1,1,1
279,0,2318,1008,151,48,1,1,1,1
279,0,792,1009,313,69,1,1,1,1
279,0,996,1027,275,53,1,1,1,1
279,0,1140,1016,293,64,1,1,1,1
279,0,808,1008,319,68,1,1,1,1
279,0,1776,1026,114,34,1,1,1,1
279,0,1424,1028,206,50,1,1,1,1
280,0,2328,1009,148,46,1,1,1,1
280,0,774,1009,316,69,1,1,1,1
280,0,997,1026,275,53,1,1,1,1
280,0,1140,1016,293,64,1,1,1,1
280,0,1767,1028,112,32,1,1,1,1
281,0,2335,1009,150,47,1,1,1,1
281,0,997,1026,275,53,1,1,1,1
281,0,1140,1016,293,64,1,1,1,1
281,0,1754,1028,116,33,1,1,1,1
282,0,2345,1009,146,47,1,1,1,1
282,0,729,1006,327,70,1,1,1,1
282,0,997,1026,275,53,1,1,1,1
282,0,1140,1016,293,64,1,1,1,1
282,0,1743,1028,117,34,1,1,1,1
282,0,1483,1013,209,63,1,1,1,1
283,0,2354,1009,144,46,1,1,1,1
283,0,711,1005,329,71,1,1,1,1
283,0,997,1026,275,53,1,1,1,1
283,0,1140,1016,293,64,1,1,1,1
283,0,1734,1028,115,33,1,1,1,1
283,0,1493,1014,203,60,1,1,1,1
284,0,2363,1009,143,46,1,1,1,1
284,0,997,1026,275,53,1,1,1,1
284,0,1145,1015,293,64,1,1,1,1
284,0,1719,1027,123,36,1,1,1,1
284,0,1504,1018,204,55,1,1,1,1
284,0,1499,1014,201,59,1,1,1,1
285,0,2372,1009,141,45,1,1,1,1
285,0,668,1005,327,71,1,1,1,1
285,0,997,1025,275,53,1,1,1,1
285,0,1145,1015,293,64,1,1,1,1
285,0,1708,1026,126,37,1,1,1,1
285,0,1516,1017,204,55,1,1,1,1
286,0,2379,1009,142,45,1,1,1,1
286,0,645,1004,332,71,1,1,1,1
286,0,997,1025,275,53,1,1,1,1
286,0,1145,1015,293,64,1,1,1,1
286,0,1708,1026,126,37,1,1,1,1
287,0,2388,1009,139,45,1,1,1,1
287,0,626,1005,330,69,1,1,1,1
287,0,997,1025,275,53,1,1,1,1
287,0,1145,1015,293,64,1,1,1,1
287,0,1693,1026,129,37,1,1,1,1
288,0,2397,1009,137,45,1,1,1,1
288,0,605,1003,335,71,1,1,1,1
288,0,997,1025,275,53,1,1,1,1
288,0,1145,1015,293,64,1,1,1,1
288,0,1565,1010,220,60,1,1,1,1
289,0,2405,1009,137,45,1,1,1,1
289,0,584,1004,336,70,1,1,1,1
289,0,997,1025,275,53,1,1,1,1
289,0,1148,1014,293,64,1,1,1,1
289,0,1578,1009,222,60,1,1,1,1
289,0,1578,1012,201,59,1,1,1,1
290,0,2412,1008,137,45,1,1,1,1
290,0,567,1007,325,66,1,1,1,1
290,0,997,1024,275,53,1,1,1,1
290,0,1148,1014,293,64,1,1,1,1
290,0,1590,1011,201,60,1,1,1,1
291,0,2420,1007,136,45,1,1,1,1
291,0,551,1007,323,65,1,1,1,1
291,0,997,1024,275,53,1,1,1,1
291,0,1148,1014,293,64,1,1,1,1
291,0,1602,1010,206,61,1,1,1,1
292,0,2426,1006,133,46,1,1,1,1
292,0,526,1006,330,67,1,1,1,1
292,0,997,1024,275,53,1,1,1,1
292,0,1148,1014,293,64,1,1,1,1
292,0,1611,1009,209,63,1,1,1,1
293,0,2430,1004,129,49,1,1,1,1
293,0,501,1006,337,67,1,1,1,1
293,0,997,1024,275,53,1,1,1,1
293,0,1148,1014,293,64,1,1,1,1
293,0,1622,1013,197,60,1,1,1,1
294,0,2433,1002,126,50,1,1,1,1
294,0,482,1006,336,67,1,1,1,1
294,0,997,1024,275,53,1,1,1,1
294,0,1149,1013,293,64,1,1,1,1
294,0,1625,1013,193,57,1,1,1,1
295,0,2441,1003,118,49,1,1,1,1
295,0,455,1005,344,67,1,1,1,1
295,0,996,1023,275,53,1,1,1,1
295,0,1149,1013,293,64,1,1,1,1
295,0,1655,1020,188,51,1,1,1,1
295,0,1636,1013,191,56,1,1,1,1
296,0,2448,1004,111,48,1,1,1,1
296,0,435,1006,342,66,1,1,1,1
296,0,996,1023,275,53,1,1,1,1
296,0,1149,1013,293,64,1,1,1,1
296,0,1668,1021,186,50,1,1,1,1
296,0,1635,1013,191,56,1,1,1,1
297,0,2455,1005,104,47,1,1,1,1
297,0,412,1005,349,67,1,1,1,1
297,0,996,1023,275,53,1,1,1,1
297,0,1149,1013,293,64,1,1,1,1
297,0,1567,1022,135,39,1,1,1,1
297,0,1668,1021,186,50,1,1,1,1
297,0,1635,1013,191,56,1,1,1,1
298,0,2462,1007,97,44,1,1,1,1
298,0,389,1006,348,66,1,1,1,1
298,0,996,1023,275,53,1,1,1,1
298,0,1149,1013,293,64,1,1,1,1
298,0,1555,1022,136,39,1,1,1,1
298,0,1668,1021,186,50,1,1,1,1
298,0,1635,1013,191,56,1,1,1,1
299,0,2466,1005,93,47,1,1,1,1
299,0,362,1005,358,68,1,1,1,1
299,0,996,1023,275,53,1,1,1,1
299,0,1149,1012,293,64,1,1,1,1
299,0,1666,1020,188,51,1,1,1,1
299,0,1668,1021,186,50,1,1,1,1
299,0,1635,1013,191,56,1,1,1,1
300,0,2472,1005,87,47,1,1,1,1
300,0,332,1002,372,71,1,1,1,1
300,0,995,1022,275,53,1,1,1,1
300,0,1149,1012,293,64,1,1,1,1
300,0,1526,1027,132,38,1,1,1,1
300,0,1679,1020,186,50,1,1,1,1
300,0,1645,1012,188,56,1,1,1,1
301,0,2481,1005,78,47,1,1,1,1
301,0,315,1004,363,69,1,1,1,1
301,0,995,1022,275,53,1,1,1,1
301,0,1149,1012,293,64,1,1,1,1
301,0,1514,1027,132,38,1,1,1,1
301,0,1645,1012,188,56,1,1,1,1
302,0,2488,1006,71,45,1,1,1,1
302,0,290,1004,370,69,1,1,1,1
302,0,995,1022,275,53,1,1,1,1
302,0,1149,1012,293,64,1,1,1,1
302,0,1645,1012,188,56,1,1,1,1
303,0,2495,1006,64,44,1,1,1,1
303,0,265,1003,377,70,1,1,1,1
303,0,995,1022,275,53,1,1,1,1
303,0,1149,1012,293,64,1,1,1,1
303,0,1486,1027,134,39,1,1,1,1
303,0,1652,1011,188,56,1,1,1,1
304,0,2502,1006,57,42,1,1,1,1
304,0,243,1003,375,69,1,1,1,1
304,0,995,1022,275,53,1,1,1,1
304,0,1149,1011,293,64,1,1,1,1
304,0,1473,1028,134,38,1,1,1,1
304,0,1774,1023,164,46,1,1,1,1
305,0,2511,1007,48,39,1,1,1,1
305,0,216,1002,384,71,1,1,1,1
305,0,994,1021,275,53,1,1,1,1
305,0,1149,1011,293,64,1,1,1,1
305,0,1457,1029,140,39,1,1,1,1
305,0,1781,1022,168,47,1,1,1,1
306,0,2516,1007,43,38,1,1,1,1
306,0,188,1001,393,72,1,1,1,1
306,0,994,1021,275,53,1,1,1,1
306,0,1149,1011,293,64,1,1,1,1
306,0,1441,1028,144,40,1,1,1,1
306,0,1791,1023,167,46,1,1,1,1
307,0,170,1004,380,70,1,1,1,1
307,0,994,1021,275,53,1,1,1,1
307,0,1149,1011,293,64,1,1,1,1
307,0,1428,1028,145,41,1,1,1,1
307,0,1800,1025,163,44,1,1,1,1
308,0,141,1001,396,73,1,1,1,1
308,0,994,1021,275,53,1,1,1,1
308,0,1149,1011,293,64,1,1,1,1
308,0,1416,1032,134,39,1,1,1,1
308,0,1808,1023,168,46,1,1,1,1
309,0,119,1001,394,72,1,1,1,1
309,0,994,1021,275,53,1,1,1,1
309,0,1148,1010,293,64,1,1,1,1
309,0,1408,1029,134,38,1,1,1,1
309,0,1818,1021,173,48,1,1,1,1
310,0,92,1000,400,72,1,1,1,1
310,0,993,1020,275,53,1,1,1,1
310,0,1148,1010,293,64,1,1,1,1
310,0,1392,1031,140,39,1,1,1,1
310,0,1829,1020,176,48,1,1,1,1
311,0,61,998,413,75,1,1,1,1
311,0,993,1020,275,53,1,1,1,1
311,0,1148,1010,293,64,1,1,1,1
311,0,1371,1028,147,42,1,1,1,1
311,0,1842,1020,173,47,1,1,1,1
312,0,32,997,421,76,1,1,1,1
312,0,993,1020,275,53,1,1,1,1
312,0,1148,1010,293,64,1,1,1,1
312,0,1361,1030,145,41,1,1,1,1
312,0,1857,1022,166,45,1,1,1,1
313,0,2,993,435,79,1,1,1,1
313,0,993,1020,275,53,1,1,1,1
313,0,1148,1010,293,64,1,1,1,1
313,0,1346,1037,134,39,1,1,1,1
313,0,1867,1021,168,46,1,1,1,1
314,0,0,988,428,84,1,1,1,1
314,0,993,1020,275,53,1,1,1,1
314,0,1147,1009,293,64,1,1,1,1
314,0,1345,1037,134,39,1,1,1,1
314,0,1877,1021,169,46,1,1,1,1
315,0,0,987,410,84,1,1,1,1
315,0,992,1019,275,53,1,1,1,1
315,0,1147,1009,293,64,1,1,1,1
315,0,1345,1036,134,39,1,1,1,1
315,0,1894,1023,161,42,1,1,1,1
315,0,1887,1021,169,46,1,1,1,1
316,0,0,985,397,86,1,1,1,1
316,0,992,1019,275,53,1,1,1,1
316,0,1147,1009,293,64,1,1,1,1
316,0,1326,1037,137,39,1,1,1,1
316,0,1908,1024,160,41,1,1,1,1
316,0,1887,1021,169,46,1,1,1,1
317,0,0,984,383,87,1,1,1,1
317,0,992,1019,275,53,1,1,1,1
317,0,1147,1009,293,64,1,1,1,1
317,0,1326,1036,137,39,1,1,1,1
317,0,1908,1024,160,41,1,1,1,1
317,0,1886,1021,169,46,1,1,1,1
318,0,0,983,368,88,1,1,1,1
318,0,992,1019,275,53,1,1,1,1
318,0,1147,1009,293,64,1,1,1,1
318,0,1326,1035,137,39,1,1,1,1
318,0,1908,1024,160,41,1,1,1,1
318,0,1885,1021,169,45,1,1,1,1
318,0,1885,1021,169,46,1,1,1,1
319,0,0,987,340,83,1,1,1,1
319,0,992,1019,275,53,1,1,1,1
319,0,1146,1008,293,64,1,1,1,1
319,0,1326,1034,137,39,1,1,1,1
319,0,1887,1021,170,45,1,1,1,1
319,0,1240,1029,170,42,1,1,1,1
319,0,1884,1021,169,46,1,1,1,1
320,0,0,984,330,88,1,1,1,1
320,0,991,1018,275,53,1,1,1,1
320,0,1146,1008,293,64,1,1,1,1
320,0,1326,1033,137,39,1,1,1,1
320,0,1897,1021,169,45,1,1,1,1
320,0,1235,1030,169,41,1,1,1,1
320,0,1922,1023,152,41,1,1,1,1
321,0,0,985,308,87,1,1,1,1
321,0,991,1018,275,53,1,1,1,1
321,0,1146,1008,293,64,1,1,1,1
321,0,1313,1034,137,39,1,1,1,1
321,0,1918,1022,155,42,1,1,1,1
322,0,0,984,292,89,1,1,1,1
322,0,991,1018,275,53,1,1,1,1
322,0,1146,1008,293,64,1,1,1,1
322,0,1312,1034,137,39,1,1,1,1
322,0,1958,1017,176,47,1,1,1,1
322,0,1929,1022,153,41,1,1,1,1
323,0,0,983,276,92,1,1,1,1
323,0,991,1018,275,53,1,1,1,1
323,0,1146,1008,293,64,1,1,1,1
323,0,1311,1034,137,39,1,1,1,1
323,0,1958,1017,176,47,1,1,1,1
324,0,0,980,262,95,1,1,1,1
324,0,991,1018,275,53,1,1,1,1
324,0,1145,1007,293,64,1,1,1,1
324,0,1310,1034,137,39,1,1,1,1
324,0,1979,1017,172,45,1,1,1,1
325,0,0,977,245,98,1,1,1,1
325,0,990,1017,275,53,1,1,1,1
325,0,1145,1007,293,64,1,1,1,1
325,0,1309,1034,137,39,1,1,1,1
325,0,1992,1017,169,45,1,1,1,1
326,0,0,973,230,104,1,1,1,1
326,0,990,1017,275,53,1,1,1,1
326,0,1145,1007,293,64,1,1,1,1
326,0,1301,1033,137,39,1,1,1,1
326,0,1997,1014,172,48,1,1,1,1
327,0,0,972,218,105,1,1,1,1
327,0,990,1017,275,53,1,1,1,1
327,0,1145,1007,293,64,1,1,1,1
327,0,1300,1033,137,39,1,1,1,1
327,0,2012,1015,170,46,1,1,1,1
328,0,990,1017,275,53,1,1,1,1
328,0,1145,1007,293,64,1,1,1,1
328,0,1300,1032,137,39,1,1,1,1
328,0,2027,1017,163,45,1,1,1,1
328,0,9,998,68,90,1,1,1,1
329,0,990,1017,275,53,1,1,1,1
329,0,1144,1006,293,64,1,1,1,1
329,0,1300,1031,137,39,1,1,1,1
329,0,2037,1017,161,44,1,1,1,1
329,0,9,1008,67,87,1,1,1,1
330,0,989,1016,275,53,1,1,1,1
330,0,1144,1006,293,64,1,1,1,1
330,0,1300,1030,137,39,1,1,1,1
330,0,2050,1019,157,43,1,1,1,1
330,0,17,1025,56,71,1,1,1,1
331,0,989,1016,275,53,1,1,1,1
331,0,1144,1006,293,64,1,1,1,1
331,0,1293,1030,137,39,1,1,1,1
331,0,2058,1018,161,44,1,1,1,1
331,0,29,1029,54,65,1,1,1,1
332,0,101,1072,275,53,1,1,1,1
332,0,1144,1006,293,64,1,1,1,1
332,0,1293,1029,137,39,1,1,1,1
332,0,2068,1018,160,44,1,1,1,1
332,0,37,1039,46,55,1,1,1,1
333,0,1144,1006,293,64,1,1,1,1
333,0,1293,1028,137,39,1,1,1,1
333,0,2075,1015,164,46,1,1,1,1
333,0,9,1023,144,71,1,1,1,1
334,0,1143,1005,293,64,1,1,1,1
334,0,1293,1027,137,39,1,1,1,1
334,0,2087,1017,156,43,1,1,1,1
334,0,19,1023,143,69,1,1,1,1
334,0,979,1029,193,45,1,1,1,1
335,0,1143,1005,293,64,1,1,1,1
335,0,957,1032,197,43,1,1,1,1
335,0,1292,1027,137,39,1,1,1,1
335,0,2099,1017,155,43,1,1,1,1
335,0,30,1023,145,69,1,1,1,1
335,0,975,1028,195,47,1,1,1,1
336,0,1143,1005,293,64,1,1,1,1
336,0,960,1033,194,42,1,1,1,1
336,0,1288,1026,137,39,1,1,1,1
336,0,2105,1016,159,44,1,1,1,1
336,0,40,1021,150,71,1,1,1,1
337,0,1143,1005,293,64,1,1,1,1
337,0,960,1033,194,42,1,1,1,1
337,0,2117,1016,153,43,1,1,1,1
337,0,47,1021,159,71,1,1,1,1
338,0,1143,1005,293,64,1,1,1,1
338,0,960,1033,194,42,1,1,1,1
338,0,2127,1016,151,43,1,1,1,1
338,0,57,1021,167,72,1,1,1,1
339,0,1142,1004,293,64,1,1,1,1
339,0,960,1033,194,42,1,1,1,1
339,0,2137,1016,148,41,1,1,1,1
339,0,60,1016,186,77,1,1,1,1
340,0,1142,1004,293,64,1,1,1,1
340,0,887,1032,199,43,1,1,1,1
340,0,2148,1017,149,42,1,1,1,1
340,0,63,1012,203,82,1,1,1,1
341,0,1141,1003,293,64,1,1,1,1
341,0,848,1031,203,45,1,1,1,1
341,0,2159,1018,147,41,1,1,1,1
341,0,67,1013,214,82,1,1,1,1
342,0,825,1033,198,43,1,1,1,1
342,0,2172,1018,143,40,1,1,1,1
342,0,62,1007,241,88,1,1,1,1
343,0,801,1032,202,44,1,1,1,1
343,0,2178,1016,150,42,1,1,1,1
343,0,71,1012,241,84,1,1,1,1
344,0,778,1030,208,46,1,1,1,1
344,0,2186,1015,152,42,1,1,1,1
344,0,85,1018,243,79,1,1,1,1
345,0,757,1030,210,46,1,1,1,1
345,0,2191,1013,158,45,1,1,1,1
345,0,97,1020,255,78,1,1,1,1
346,0,734,1029,213,47,1,1,1,1
346,0,2200,1013,156,45,1,1,1,1
346,0,111,1019,270,78,1,1,1,1
347,0,717,1030,208,45,1,1,1,1
347,0,2211,1014,152,43,1,1,1,1
347,0,132,1022,274,74,1,1,1,1
347,0,2511,1006,45,30,1,1,1,1
348,0,693,1029,216,47,1,1,1,1
348,0,2222,1014,150,43,1,1,1,1
348,0,153,1022,282,74,1,1,1,1
348,0,2508,1006,46,30,1,1,1,1
349,0,668,1028,220,48,1,1,1,1
349,0,2233,1014,146,42,1,1,1,1
349,0,172,1023,292,73,1,1,1,1
349,0,2506,1007,44,29,1,1,1,1
350,0,648,1027,218,49,1,1,1,1
350,0,2243,1014,147,43,1,1,1,1
350,0,189,1023,303,73,1,1,1,1
350,0,2504,1008,42,27,1,1,1,1
351,0,629,1028,214,48,1,1,1,1
351,0,2252,1013,147,43,1,1,1,1
351,0,205,1021,315,74,1,1,1,1
351,0,2502,1010,40,25,1,1,1,1
352,0,605,1028,216,48,1,1,1,1
352,0,2262,1014,143,41,1,1,1,1
352,0,225,1022,323,74,1,1,1,1
352,0,2499,1010,40,24,1,1,1,1
353,0,582,1027,218,49,1,1,1,1
353,0,2272,1014,139,41,1,1,1,1
353,0,241,1019,334,77,1,1,1,1
353,0,2496,1011,38,22,1,1,1,1
354,0,555,1024,225,51,1,1,1,1
354,0,2280,1014,142,42,1,1,1,1
354,0,257,1018,343,78,1,1,1,1
354,0,2489,1009,43,24,1,1,1,1
355,0,543,1025,218,49,1,1,1,1
355,0,2291,1013,140,42,1,1,1,1
355,0,305,1023,303,73,1,1,1,1
355,0,2485,1009,43,24,1,1,1,1
356,0,525,1028,214,48,1,1,1,1
356,0,2300,1014,137,40,1,1,1,1
356,0,321,1021,315,74,1,1,1,1
356,0,2480,1009,46,24,1,1,1,1
357,0,524,1028,214,48,1,1,1,1
357,0,2307,1013,141,41,1,1,1,1
357,0,342,1022,323,74,1,1,1,1
357,0,2475,1009,47,25,1,1,1,1
358,0,523,1028,214,48,1,1,1,1
358,0,2315,1012,140,42,1,1,1,1
358,0,355,1017,334,77,1,1,1,1
358,0,2469,1009,48,25,1,1,1,1
359,0,495,1027,216,48,1,1,1,1
359,0,2323,1012,138,41,1,1,1,1
359,0,375,1018,336,76,1,1,1,1
359,0,2465,1008,52,27,1,1,1,1
360,0,2333,1012,135,41,1,1,1,1
360,0,421,1023,303,73,1,1,1,1
360,0,2462,1009,50,25,1,1,1,1
361,0,2333,1012,135,41,1,1,1,1
361,0,423,1022,331,74,1,1,1,1
361,0,2461,1008,46,24,1,1,1,1
362,0,2333,1012,135,41,1,1,1,1
362,0,443,1023,327,72,1,1,1,1
362,0,2454,1008,47,25,1,1,1,1
363,0,2333,1012,135,41,1,1,1,1
363,0,461,1025,329,71,1,1,1,1
363,0,2447,1008,48,25,1,1,1,1
364,0,2333,1012,135,41,1,1,1,1
364,0,481,1025,336,72,1,1,1,1
364,0,2446,1008,52,27,1,1,1,1
364,0,5,1028,94,62,1,1,1,1
364,0,329,1027,242,51,1,1,1,1
365,0,2364,1011,134,41,1,1,1,1
365,0,537,1023,303,73,1,1,1,1
365,0,2440,1007,52,26,1,1,1,1
365,0,15,1023,103,68,1,1,1,1
365,0,325,1027,242,51,1,1,1,1
366,0,2364,1011,134,41,1,1,1,1
366,0,533,1023,331,74,1,1,1,1
366,0,2442,1007,46,24,1,1,1,1
366,0,29,1018,110,71,1,1,1,1
367,0,2364,1011,134,41,1,1,1,1
367,0,544,1024,340,74,1,1,1,1
367,0,2433,1007,47,25,1,1,1,1
367,0,41,1014,121,75,1,1,1,1
368,0,2364,1011,134,41,1,1,1,1
368,0,565,1025,334,72,1,1,1,1
368,0,2425,1007,48,25,1,1,1,1
368,0,50,1008,136,81,1,1,1,1
368,0,223,1022,231,53,1,1,1,1
369,0,2364,1011,134,41,1,1,1,1
369,0,584,1025,333,71,1,1,1,1
369,0,2427,1008,52,27,1,1,1,1
369,0,63,1007,147,83,1,1,1,1
369,0,203,1023,224,51,1,1,1,1
370,0,2401,1010,135,41,1,1,1,1
370,0,605,1024,329,70,1,1,1,1
370,0,2420,1007,52,26,1,1,1,1
370,0,85,1013,103,68,1,1,1,1
370,0,192,1024,220,49,1,1,1,1
371,0,2401,1010,135,41,1,1,1,1
371,0,620,1023,336,71,1,1,1,1
371,0,2423,1006,46,24,1,1,1,1
371,0,94,1003,161,83,1,1,1,1
372,0,2401,1010,135,41,1,1,1,1
372,0,2399,1009,137,41,1,1,1,1
372,0,640,1024,332,69,1,1,1,1
372,0,2412,1006,47,25,1,1,1,1
372,0,101,1005,176,83,1,1,1,1
373,0,2403,1009,136,41,1,1,1,1
373,0,653,1022,345,72,1,1,1,1
373,0,2403,1006,48,25,1,1,1,1
373,0,117,1014,180,75,1,1,1,1
374,0,2403,1009,136,41,1,1,1,1
374,0,671,1021,348,73,1,1,1,1
374,0,2408,1008,52,27,1,1,1,1
374,0,125,1015,199,75,1,1,1,1
375,0,2398,1008,145,41,1,1,1,1
375,0,2403,1009,136,41,1,1,1,1
375,0,693,1022,340,71,1,1,1,1
375,0,2401,1006,51,27,1,1,1,1
375,0,129,1014,229,78,1,1,1,1
376,0,2403,1008,143,41,1,1,1,1
376,0,714,1022,340,72,1,1,1,1
376,0,2404,1005,46,24,1,1,1,1
376,0,142,1014,252,78,1,1,1,1
377,0,2412,1008,142,41,1,1,1,1
377,0,734,1022,337,71,1,1,1,1
377,0,2391,1005,47,25,1,1,1,1
377,0,172,1022,252,71,1,1,1,1
378,0,756,1023,330,70,1,1,1,1
378,0,2381,1005,48,25,1,1,1,1
378,0,201,1023,268,69,1,1,1,1
379,0,778,1024,327,69,1,1,1,1
379,0,2372,1009,53,27,1,1,1,1
379,0,230,1024,281,69,1,1,1,1
379,0,20,1009,177,63,1,1,1,1
380,0,800,1026,319,67,1,1,1,1
380,0,2364,1011,53,26,1,1,1,1
380,0,255,1022,299,70,1,1,1,1
380,0,0,1008,174,65,1,1,1,1
380,0,2490,1010,69,40,1,1,1,1
381,0,811,1023,332,70,1,1,1,1
381,0,2359,1014,53,24,1,1,1,1
381,0,270,1018,331,74,1,1,1,1
381,0,0,1010,155,64,1,1,1,1
381,0,2495,1010,64,40,1,1,1,1
382,0,834,1024,322,68,1,1,1,1
382,0,2354,1014,54,25,1,1,1,1
382,0,294,1015,348,76,1,1,1,1
382,0,0,1010,141,67,1,1,1,1
382,0,2499,1010,60,40,1,1,1,1
383,0,855,1025,317,67,1,1,1,1
383,0,2350,1014,54,24,1,1,1,1
383,0,320,1016,357,76,1,1,1,1
383,0,0,1012,123,65,1,1,1,1
383,0,2506,1011,53,38,1,1,1,1
384,0,2,1021,46,56,1,1,1,1
384,0,867,1023,324,69,1,1,1,1
384,0,2345,1014,57,24,1,1,1,1
384,0,348,1015,362,76,1,1,1,1
384,0,0,1013,110,65,1,1,1,1
384,0,2512,1012,47,36,1,1,1,1
385,0,19,1012,68,65,1,1,1,1
385,0,889,1024,321,68,1,1,1,1
385,0,2339,1014,58,25,1,1,1,1
385,0,379,1017,358,74,1,1,1,1
385,0,2516,1013,43,34,1,1,1,1
386,0,17,1006,74,70,1,1,1,1
386,0,907,1024,318,68,1,1,1,1
386,0,2334,1015,57,23,1,1,1,1
386,0,412,1018,357,72,1,1,1,1
387,0,926,1025,314,67,1,1,1,1
387,0,2328,1015,58,24,1,1,1,1
387,0,441,1020,357,70,1,1,1,1
388,0,943,1024,312,67,1,1,1,1
388,0,2323,1015,59,24,1,1,1,1
388,0,460,1017,376,74,1,1,1,1
389,0,962,1024,310,66,1,1,1,1
389,0,961,1018,307,73,1,1,1,1
389,0,2318,1015,59,23,1,1,1,1
389,0,493,1019,370,72,1,1,1,1
390,0,962,1024,310,66,1,1,1,1
390,0,961,1018,309,73,1,1,1,1
390,0,2312,1015,60,24,1,1,1,1
390,0,526,1021,366,71,1,1,1,1
