0,0,2220,931,54,27,1,1,1,1
0,1,1741,938,85,23,1,1,1,1
0,2,2395,924,66,26,1,1,1,1
1,0,2221,931,54,27,1,1,1,1
1,1,1739,938,85,23,1,1,1,1
1,2,2396,924,66,26,1,1,1,1
2,0,2222,931,54,27,1,1,1,1
2,1,1736,938,85,23,1,1,1,1
2,2,2396,924,66,26,1,1,1,1
3,0,2223,931,54,27,1,1,1,1
3,1,1734,938,86,23,1,1,1,1
3,2,2397,924,66,26,1,1,1,1
4,0,2224,931,54,27,1,1,1,1
4,1,1732,938,86,23,1,1,1,1
4,2,2397,924,66,26,1,1,1,1
5,0,2225,931,54,27,1,1,1,1
5,1,1729,938,86,23,1,1,1,1
5,2,2398,924,66,26,1,1,1,1
6,0,2226,931,54,27,1,1,1,1
6,1,1727,938,86,23,1,1,1,1
6,2,2398,924,66,26,1,1,1,1
7,0,2227,931,54,27,1,1,1,1
7,1,1724,938,87,23,1,1,1,1
7,2,2399,924,66,26,1,1,1,1
8,0,2228,931,54,27,1,1,1,1
8,1,1722,938,87,23,1,1,1,1
8,2,2399,924,66,26,1,1,1,1
9,0,2229,931,54,27,1,1,1,1
9,1,1720,938,87,24,1,1,1,1
9,2,2400,924,66,26,1,1,1,1
10,0,2230,931,54,26,1,1,1,1
10,1,1717,938,87,24,1,1,1,1
10,2,2400,924,66,26,1,1,1,1
11,0,2231,931,54,26,1,1,1,1
11,1,1715,938,87,24,1,1,1,1
11,2,2401,924,66,26,1,1,1,1
12,0,2232,931,54,26,1,1,1,1
12,1,1713,938,88,24,1,1,1,1
12,2,2401,924,65,26,1,1,1,1
13,0,2233,931,54,26,1,1,1,1
13,1,1710,938,88,24,1,1,1,1
13,2,2402,924,65,26,1,1,1,1
14,0,2234,931,54,26,1,1,1,1
14,1,1708,938,88,24,1,1,1,1
14,2,2403,924,65,26,1,1,1,1
15,0,2235,931,54,26,1,1,1,1
15,1,1706,938,88,24,1,1,1,1
15,2,2403,924,65,26,1,1,1,1
16,0,2236,931,54,26,1,1,1,1
16,1,1703,938,89,24,1,1,1,1
16,2,2404,924,65,26,1,1,1,1
17,0,2237,931,54,26,1,1,1,1
17,1,1701,938,89,24,1,1,1,1
17,2,2404,924,65,26,1,1,1,1
18,0,2238,931,54,26,1,1,1,1
18,1,1699,939,89,24,1,1,1,1
18,2,2405,924,65,26,1,1,1,1
19,0,2240,931,54,26,1,1,1,1
19,1,1696,939,89,24,1,1,1,1
19,2,2405,924,65,26,1,1,1,1
20,0,2241,930,53,26,1,1,1,1
20,1,1694,939,89,24,1,1,1,1
20,2,2406,924,65,26,1,1,1,1
21,0,2242,930,53,26,1,1,1,1
21,1,1691,939,90,24,1,1,1,1
21,2,2406,924,65,26,1,1,1,1
22,0,2243,930,53,26,1,1,1,1
22,1,1689,939,90,24,1,1,1,1
22,2,2407,924,65,26,1,1,1,1
23,0,2244,930,53,26,1,1,1,1
23,1,1687,939,90,24,1,1,1,1
23,2,2407,924,65,26,1,1,1,1
24,0,2245,930,53,26,1,1,1,1
24,1,1684,939,90,24,1,1,1,1
24,2,2408,924,65,26,1,1,1,1
25,0,2246,930,53,26,1,1,1,1
25,1,1682,939,91,24,1,1,1,1
25,2,2409,924,65,26,1,1,1,1
26,0,2247,930,53,26,1,1,1,1
26,1,1680,939,91,24,1,1,1,1
26,2,2409,924,65,26,1,1,1,1
27,0,2248,930,53,26,1,1,1,1
27,1,1677,939,91,25,1,1,1,1
27,2,2410,924,65,26,1,1,1,1
28,0,2249,930,53,26,1,1,1,1
28,1,1675,939,91,25,1,1,1,1
28,2,2410,924,65,26,1,1,1,1
29,0,2250,930,53,25,1,1,1,1
29,1,1673,939,91,25,1,1,1,1
29,2,2411,924,65,26,1,1,1,1
30,0,2251,930,53,25,1,1,1,1
30,1,1670,939,92,25,1,1,1,1
30,2,2411,924,65,26,1,1,1,1
31,0,2252,930,53,25,1,1,1,1
31,1,1668,939,92,25,1,1,1,1
31,2,2412,924,65,26,1,1,1,1
32,0,2253,930,53,25,1,1,1,1
32,1,1665,939,92,25,1,1,1,1
32,2,2412,924,65,26,1,1,1,1
33,0,2254,930,53,25,1,1,1,1
33,1,1663,939,92,25,1,1,1,1
33,2,2413,924,65,26,1,1,1,1
34,0,2255,930,53,25,1,1,1,1
34,1,1661,939,93,25,1,1,1,1
34,2,2413,924,64,26,1,1,1,1
35,0,2256,930,53,25,1,1,1,1
35,1,1658,939,93,25,1,1,1,1
35,2,2414,924,64,26,1,1,1,1
36,0,2257,930,53,25,1,1,1,1
36,1,1656,939,93,25,1,1,1,1
36,2,2414,924,64,26,1,1,1,1
37,0,2258,930,53,25,1,1,1,1
37,1,1653,939,93,25,1,1,1,1
37,2,2415,924,64,26,1,1,1,1
38,0,2259,930,53,25,1,1,1,1
38,1,1651,939,93,25,1,1,1,1
38,2,2416,924,64,26,1,1,1,1
39,0,2260,930,53,25,1,1,1,1
39,1,1648,939,94,25,1,1,1,1
39,2,2416,924,64,26,1,1,1,1
40,0,2261,930,53,25,1,1,1,1
40,1,1645,939,94,25,1,1,1,1
40,2,2417,924,64,26,1,1,1,1
41,0,2262,930,53,25,1,1,1,1
41,1,1643,939,94,25,1,1,1,1
41,2,2417,924,64,26,1,1,1,1
42,0,2264,930,53,25,1,1,1,1
42,1,1640,939,94,25,1,1,1,1
42,2,2418,924,64,26,1,1,1,1
43,0,2265,930,53,25,1,1,1,1
43,1,1637,939,94,25,1,1,1,1
43,2,2418,924,64,26,1,1,1,1
44,0,2266,930,53,25,1,1,1,1
44,1,1635,939,94,25,1,1,1,1
44,2,2419,924,64,26,1,1,1,1
45,0,2267,930,53,25,1,1,1,1
45,1,1632,939,95,25,1,1,1,1
45,2,2419,924,64,26,1,1,1,1
46,0,2268,930,53,25,1,1,1,1
46,1,1630,939,95,25,1,1,1,1
46,2,2420,924,64,26,1,1,1,1
47,0,2269,930,53,25,1,1,1,1
47,1,1627,939,95,25,1,1,1,1
47,2,2420,924,64,26,1,1,1,1
48,0,2270,930,53,25,1,1,1,1
48,1,1624,939,95,25,1,1,1,1
48,2,2421,924,64,26,1,1,1,1
49,0,2271,930,54,25,1,1,1,1
49,1,1622,939,95,25,1,1,1,1
49,2,2421,924,64,26,1,1,1,1
50,0,2273,930,54,25,1,1,1,1
50,1,1619,940,95,25,1,1,1,1
50,2,2422,924,64,26,1,1,1,1
51,0,2274,930,54,25,1,1,1,1
51,1,1616,940,96,25,1,1,1,1
51,2,2423,924,64,26,1,1,1,1
52,0,2275,930,54,25,1,1,1,1
52,1,1614,940,96,25,1,1,1,1
52,2,2423,924,64,26,1,1,1,1
53,0,2276,930,54,25,1,1,1,1
53,1,1611,940,96,25,1,1,1,1
53,2,2424,924,64,26,1,1,1,1
54,0,2277,930,54,25,1,1,1,1
54,1,1608,940,96,25,1,1,1,1
54,2,2424,924,64,26,1,1,1,1
55,0,2278,929,54,25,1,1,1,1
55,1,1606,940,96,25,1,1,1,1
55,2,2425,924,64,26,1,1,1,1
56,0,2279,929,54,25,1,1,1,1
56,1,1603,940,96,25,1,1,1,1
56,2,2425,924,64,26,1,1,1,1
57,0,2280,929,54,25,1,1,1,1
57,1,1600,940,97,25,1,1,1,1
57,2,2426,924,63,26,1,1,1,1
58,0,2282,929,54,25,1,1,1,1
58,1,1598,940,97,25,1,1,1,1
58,2,2426,924,63,26,1,1,1,1
59,0,2283,929,54,25,1,1,1,1
59,1,1595,940,97,25,1,1,1,1
59,2,2427,924,63,26,1,1,1,1
60,0,2284,929,54,25,1,1,1,1
60,1,1592,940,97,25,1,1,1,1
60,2,2427,924,63,26,1,1,1,1
61,0,2285,929,54,25,1,1,1,1
61,1,1590,940,97,25,1,1,1,1
61,2,2428,924,63,26,1,1,1,1
62,0,2286,929,54,25,1,1,1,1
62,1,1587,940,97,25,1,1,1,1
62,2,2429,924,63,26,1,1,1,1
63,0,2287,929,54,25,1,1,1,1
63,1,1585,940,98,25,1,1,1,1
63,2,2429,924,63,26,1,1,1,1
64,0,2288,929,54,25,1,1,1,1
64,1,1582,940,98,25,1,1,1,1
64,2,2430,924,63,26,1,1,1,1
65,0,2289,929,54,25,1,1,1,1
65,1,1579,940,98,25,1,1,1,1
65,2,2430,924,63,26,1,1,1,1
66,0,2291,929,54,25,1,1,1,1
66,1,1577,940,98,25,1,1,1,1
66,2,2431,924,63,26,1,1,1,1
67,0,2292,929,54,25,1,1,1,1
67,1,1574,940,98,25,1,1,1,1
67,2,2431,924,63,26,1,1,1,1
68,0,2293,929,54,25,1,1,1,1
68,1,1571,940,98,25,1,1,1,1
68,2,2432,923,63,26,1,1,1,1
69,0,2294,929,54,25,1,1,1,1
69,1,1569,940,99,25,1,1,1,1
69,2,2432,923,63,26,1,1,1,1
70,0,2295,929,55,25,1,1,1,1
70,1,1566,940,99,25,1,1,1,1
70,2,2433,923,63,26,1,1,1,1
71,0,2296,929,55,24,1,1,1,1
71,1,1563,940,99,25,1,1,1,1
71,2,2433,923,63,26,1,1,1,1
72,0,2297,929,55,24,1,1,1,1
72,1,1561,940,99,25,1,1,1,1
72,2,2434,923,63,26,1,1,1,1
73,0,2298,929,55,24,1,1,1,1
73,1,1558,940,99,25,1,1,1,1
73,2,2434,923,63,26,1,1,1,1
74,0,2300,929,55,24,1,1,1,1
74,1,1555,940,99,25,1,1,1,1
74,2,2435,923,63,26,1,1,1,1
75,0,2301,929,55,24,1,1,1,1
75,1,1553,940,100,25,1,1,1,1
75,2,2436,923,63,26,1,1,1,1
76,0,2302,929,55,24,1,1,1,1
76,1,1550,940,100,25,1,1,1,1
76,2,2436,923,63,26,1,1,1,1
77,0,2303,929,55,24,1,1,1,1
77,1,1547,941,100,25,1,1,1,1
77,2,2437,923,63,26,1,1,1,1
78,0,2304,929,55,24,1,1,1,1
78,1,1545,941,100,25,1,1,1,1
78,2,2437,923,63,26,1,1,1,1
79,0,2305,929,55,24,1,1,1,1
79,1,1542,941,100,25,1,1,1,1
79,2,2438,923,62,26,1,1,1,1
80,0,2306,929,55,24,1,1,1,1
80,1,1539,941,100,25,1,1,1,1
80,2,2438,923,62,26,1,1,1,1
81,0,2307,929,55,24,1,1,1,1
81,1,1537,941,101,25,1,1,1,1
81,2,2439,923,62,26,1,1,1,1
82,0,2309,929,55,24,1,1,1,1
82,1,1534,941,101,25,1,1,1,1
82,2,2439,923,62,26,1,1,1,1
83,0,2310,929,55,24,1,1,1,1
83,1,1532,941,101,25,1,1,1,1
83,2,2440,923,62,26,1,1,1,1
84,0,2311,929,55,24,1,1,1,1
84,1,1529,941,101,25,1,1,1,1
84,2,2440,923,62,26,1,1,1,1
85,0,2312,929,55,24,1,1,1,1
85,1,1526,941,101,25,1,1,1,1
85,2,2441,923,62,26,1,1,1,1
86,0,2313,929,55,24,1,1,1,1
86,1,1524,941,101,25,1,1,1,1
86,2,2442,923,62,26,1,1,1,1
87,0,2314,928,55,24,1,1,1,1
87,1,1521,941,102,25,1,1,1,1
87,2,2442,923,62,26,1,1,1,1
88,0,2315,928,55,24,1,1,1,1
88,1,1518,941,102,25,1,1,1,1
88,2,2443,923,62,26,1,1,1,1
89,0,2316,928,55,24,1,1,1,1
89,1,1516,941,102,25,1,1,1,1
89,2,2443,923,62,26,1,1,1,1
90,0,2318,928,55,24,1,1,1,1
90,1,1513,941,102,25,1,1,1,1
90,2,2444,923,62,26,1,1,1,1
91,0,2319,928,55,24,1,1,1,1
91,1,1510,941,102,25,1,1,1,1
91,2,2444,923,62,26,1,1,1,1
92,0,2320,928,56,24,1,1,1,1
92,1,1507,941,102,25,1,1,1,1
92,2,2445,923,62,26,1,1,1,1
93,0,2321,928,56,24,1,1,1,1
93,1,1504,941,102,25,1,1,1,1
93,2,2445,923,62,26,1,1,1,1
94,0,2322,928,56,24,1,1,1,1
94,1,1501,941,103,25,1,1,1,1
94,2,2446,923,62,26,1,1,1,1
95,0,2323,928,56,24,1,1,1,1
95,1,1498,941,103,25,1,1,1,1
95,2,2446,923,62,26,1,1,1,1
96,0,2324,928,56,24,1,1,1,1
96,1,1495,941,103,25,1,1,1,1
96,2,2447,923,62,26,1,1,1,1
97,0,2325,928,56,24,1,1,1,1
97,1,1492,941,103,25,1,1,1,1
97,2,2447,923,62,26,1,1,1,1
98,0,2327,928,56,24,1,1,1,1
98,1,1489,941,103,25,1,1,1,1
98,2,2448,923,62,26,1,1,1,1
98,4,2414,925,29,20,1,1,1,1
98,5,2391,928,28,17,1,1,1,1
99,0,2328,928,56,24,1,1,1,1
99,1,1486,941,103,25,1,1,1,1
99,2,2449,923,62,26,1,1,1,1
99,4,2413,925,29,20,1,1,1,1
99,5,2390,928,28,17,1,1,1,1
100,0,2329,928,56,24,1,1,1,1
100,1,1483,941,103,25,1,1,1,1
100,2,2449,923,62,26,1,1,1,1
100,4,2412,925,29,20,1,1,1,1
100,5,2390,928,28,17,1,1,1,1
101,0,2330,928,56,24,1,1,1,1
101,1,1480,941,104,25,1,1,1,1
101,2,2450,923,62,26,1,1,1,1
101,4,2412,925,29,20,1,1,1,1
101,5,2389,928,28,17,1,1,1,1
102,0,2331,928,56,24,1,1,1,1
102,1,1477,941,104,25,1,1,1,1
102,2,2450,923,61,26,1,1,1,1
102,4,2411,925,29,20,1,1,1,1
102,5,2388,928,28,17,1,1,1,1
103,0,2332,928,56,24,1,1,1,1
103,1,1474,941,104,25,1,1,1,1
103,2,2451,923,61,26,1,1,1,1
103,4,2410,925,29,20,1,1,1,1
103,5,2388,928,28,17,1,1,1,1
104,0,2334,928,55,24,1,1,1,1
104,1,1472,942,104,26,1,1,1,1
104,2,2451,923,61,26,1,1,1,1
104,4,2409,925,29,20,1,1,1,1
104,5,2387,928,28,17,1,1,1,1
105,0,2335,928,55,24,1,1,1,1
105,1,1469,942,104,26,1,1,1,1
105,2,2452,923,61,26,1,1,1,1
105,4,2408,925,29,20,1,1,1,1
105,5,2386,928,28,17,1,1,1,1
106,0,2337,928,55,24,1,1,1,1
106,1,1466,942,104,26,1,1,1,1
106,2,2452,923,61,26,1,1,1,1
106,4,2408,925,29,20,1,1,1,1
106,5,2386,928,28,17,1,1,1,1
107,0,2338,928,54,24,1,1,1,1
107,1,1463,942,104,26,1,1,1,1
107,2,2453,923,61,26,1,1,1,1
107,4,2407,925,29,20,1,1,1,1
107,5,2385,928,28,17,1,1,1,1
108,0,2340,928,54,24,1,1,1,1
108,1,1460,942,105,26,1,1,1,1
108,2,2453,923,61,26,1,1,1,1
108,4,2406,925,29,20,1,1,1,1
108,5,2384,928,28,17,1,1,1,1
109,0,2341,928,54,24,1,1,1,1
109,1,1457,942,105,26,1,1,1,1
109,2,2454,923,61,26,1,1,1,1
109,4,2405,925,29,20,1,1,1,1
109,5,2384,928,28,17,1,1,1,1
110,0,2343,928,53,24,1,1,1,1
110,1,1454,942,105,26,1,1,1,1
110,2,2454,923,61,26,1,1,1,1
110,4,2404,925,29,20,1,1,1,1
110,5,2383,928,28,17,1,1,1,1
111,0,2344,928,53,24,1,1,1,1
111,1,1451,942,105,26,1,1,1,1
111,2,2455,923,61,26,1,1,1,1
111,4,2404,925,29,20,1,1,1,1
111,5,2383,928,28,17,1,1,1,1
112,0,2345,928,53,24,1,1,1,1
112,1,1448,942,105,26,1,1,1,1
112,2,2456,923,61,26,1,1,1,1
112,4,2403,926,29,20,1,1,1,1
112,5,2382,928,28,17,1,1,1,1
113,0,2347,928,53,24,1,1,1,1
113,1,1445,942,105,26,1,1,1,1
113,2,2456,923,61,26,1,1,1,1
113,4,2402,926,29,20,1,1,1,1
113,5,2381,928,28,17,1,1,1,1
114,0,2348,928,53,24,1,1,1,1
114,1,1442,942,105,26,1,1,1,1
114,2,2457,923,61,26,1,1,1,1
114,4,2401,926,29,20,1,1,1,1
114,5,2381,928,28,17,1,1,1,1
115,0,2349,928,52,24,1,1,1,1
115,1,1439,942,106,26,1,1,1,1
115,2,2457,923,61,26,1,1,1,1
115,4,2401,926,29,20,1,1,1,1
115,5,2380,928,28,17,1,1,1,1
116,0,2351,928,52,24,1,1,1,1
116,1,1436,942,106,26,1,1,1,1
116,2,2458,923,61,26,1,1,1,1
116,4,2400,926,29,20,1,1,1,1
116,5,2379,928,28,17,1,1,1,1
117,0,2352,928,52,24,1,1,1,1
117,1,1433,942,106,26,1,1,1,1
117,2,2458,923,61,26,1,1,1,1
117,4,2399,926,29,20,1,1,1,1
117,5,2379,928,28,17,1,1,1,1
118,0,2353,928,52,24,1,1,1,1
118,1,1430,942,106,26,1,1,1,1
118,2,2459,923,61,26,1,1,1,1
118,4,2398,926,29,20,1,1,1,1
118,5,2378,928,28,17,1,1,1,1
119,0,2355,928,52,24,1,1,1,1
119,1,1427,942,106,26,1,1,1,1
119,2,2459,923,61,26,1,1,1,1
119,4,2397,926,29,20,1,1,1,1
119,5,2377,928,28,17,1,1,1,1
120,0,2356,928,52,24,1,1,1,1
120,1,1423,942,106,26,1,1,1,1
120,2,2460,923,61,26,1,1,1,1
120,4,2397,926,29,20,1,1,1,1
120,5,2377,928,28,17,1,1,1,1
121,0,2357,928,52,24,1,1,1,1
121,1,1420,942,106,26,1,1,1,1
121,2,2460,923,61,26,1,1,1,1
121,4,2396,926,29,20,1,1,1,1
121,5,2376,928,28,17,1,1,1,1
122,0,2359,928,52,24,1,1,1,1
122,1,1417,942,107,26,1,1,1,1
122,2,2461,923,61,26,1,1,1,1
122,4,2395,926,29,20,1,1,1,1
122,5,2375,928,28,17,1,1,1,1
123,0,2360,928,51,24,1,1,1,1
123,1,1414,942,107,26,1,1,1,1
123,2,2462,923,61,26,1,1,1,1
123,4,2394,926,29,20,1,1,1,1
123,5,2375,928,28,17,1,1,1,1
124,0,2361,928,51,24,1,1,1,1
124,1,1410,942,107,26,1,1,1,1
124,2,2462,923,60,26,1,1,1,1
124,4,2393,926,29,20,1,1,1,1
124,5,2374,929,28,17,1,1,1,1
125,0,2363,928,51,24,1,1,1,1
125,1,1407,942,107,26,1,1,1,1
125,2,2463,923,60,26,1,1,1,1
125,4,2393,926,30,19,1,1,1,1
125,5,2373,929,28,17,1,1,1,1
126,0,2364,928,51,24,1,1,1,1
126,1,1404,942,107,26,1,1,1,1
126,2,2463,923,60,26,1,1,1,1
126,4,2392,926,30,19,1,1,1,1
126,5,2373,929,28,17,1,1,1,1
127,0,2365,927,51,24,1,1,1,1
127,1,1401,942,107,26,1,1,1,1
127,2,2464,923,60,26,1,1,1,1
127,4,2391,926,30,19,1,1,1,1
127,5,2372,929,28,17,1,1,1,1
128,0,2367,927,51,24,1,1,1,1
128,1,1397,942,107,26,1,1,1,1
128,2,2464,923,60,26,1,1,1,1
128,4,2390,926,30,19,1,1,1,1
128,5,2371,929,28,17,1,1,1,1
129,0,2368,927,51,24,1,1,1,1
129,1,1394,942,108,26,1,1,1,1
129,2,2465,923,60,26,1,1,1,1
129,4,2389,926,30,19,1,1,1,1
129,5,2371,929,28,17,1,1,1,1
130,0,2369,927,50,24,1,1,1,1
130,1,1391,942,108,26,1,1,1,1
130,2,2465,923,60,26,1,1,1,1
130,4,2389,926,30,19,1,1,1,1
130,5,2370,929,28,17,1,1,1,1
131,0,2371,927,50,24,1,1,1,1
131,1,1388,942,108,26,1,1,1,1
131,2,2466,923,60,26,1,1,1,1
131,4,2388,926,30,19,1,1,1,1
131,5,2369,929,28,17,1,1,1,1
132,0,2372,927,50,24,1,1,1,1
132,1,1384,942,108,26,1,1,1,1
132,2,2466,923,60,26,1,1,1,1
132,4,2387,926,30,19,1,1,1,1
132,5,2369,929,28,17,1,1,1,1
133,0,2373,927,50,24,1,1,1,1
133,1,1381,942,108,26,1,1,1,1
133,2,2467,923,60,26,1,1,1,1
133,4,2386,926,30,19,1,1,1,1
133,5,2368,929,28,17,1,1,1,1
134,0,2375,927,50,24,1,1,1,1
134,1,1378,942,108,26,1,1,1,1
134,2,2467,923,60,26,1,1,1,1
134,4,2385,926,30,19,1,1,1,1
134,5,2367,929,28,17,1,1,1,1
135,0,2376,927,50,24,1,1,1,1
135,1,1374,942,108,26,1,1,1,1
135,2,2468,923,60,26,1,1,1,1
135,4,2385,926,30,19,1,1,1,1
135,5,2367,929,28,17,1,1,1,1
136,0,2377,927,50,24,1,1,1,1
136,1,1371,942,109,26,1,1,1,1
136,2,2469,923,60,26,1,1,1,1
136,4,2384,926,30,19,1,1,1,1
136,5,2366,929,28,17,1,1,1,1
137,0,2379,927,50,24,1,1,1,1
137,1,1368,942,109,26,1,1,1,1
137,2,2469,923,59,26,1,1,1,1
137,4,2383,926,30,19,1,1,1,1
137,5,2366,929,28,17,1,1,1,1
138,0,2380,927,49,24,1,1,1,1
138,1,1365,942,109,26,1,1,1,1
138,2,2470,923,59,26,1,1,1,1
138,4,2382,927,30,19,1,1,1,1
138,5,2365,929,28,17,1,1,1,1
139,0,2381,927,49,24,1,1,1,1
139,1,1361,943,109,27,1,1,1,1
139,2,2470,923,59,26,1,1,1,1
139,4,2382,927,30,19,1,1,1,1
139,5,2364,929,28,17,1,1,1,1
140,0,2383,927,49,24,1,1,1,1
140,1,1358,943,109,27,1,1,1,1
140,2,2471,923,58,25,1,1,1,1
140,4,2381,927,30,19,1,1,1,1
140,5,2364,929,28,17,1,1,1,1
141,0,2384,927,49,24,1,1,1,1
141,1,1355,943,109,27,1,1,1,1
141,2,2471,923,58,25,1,1,1,1
141,4,2380,927,30,19,1,1,1,1
141,5,2363,929,28,17,1,1,1,1
142,0,2385,927,49,23,1,1,1,1
142,1,1352,943,110,27,1,1,1,1
142,2,2472,924,58,25,1,1,1,1
142,4,2379,927,30,19,1,1,1,1
142,5,2362,929,28,17,1,1,1,1
143,0,2387,927,49,23,1,1,1,1
143,1,1348,943,110,27,1,1,1,1
143,2,2472,924,57,25,1,1,1,1
143,4,2378,927,30,19,1,1,1,1
143,5,2362,929,28,17,1,1,1,1
144,0,2388,927,49,23,1,1,1,1
144,1,1345,943,110,27,1,1,1,1
144,2,2473,924,57,25,1,1,1,1
144,4,2378,927,30,19,1,1,1,1
144,5,2361,929,28,17,1,1,1,1
145,0,2389,927,48,23,1,1,1,1
145,1,1342,943,110,27,1,1,1,1
145,2,2473,924,57,25,1,1,1,1
145,4,2377,927,30,19,1,1,1,1
145,5,2360,929,28,17,1,1,1,1
146,0,2391,927,48,23,1,1,1,1
146,1,1338,943,110,27,1,1,1,1
146,2,2474,924,56,25,1,1,1,1
146,4,2376,927,30,19,1,1,1,1
146,5,2360,929,28,17,1,1,1,1
147,0,2392,927,48,23,1,1,1,1
147,1,1335,943,110,27,1,1,1,1
147,2,2474,924,56,25,1,1,1,1
147,4,2375,927,30,19,1,1,1,1
147,5,2359,929,28,17,1,1,1,1
148,0,2393,927,48,23,1,1,1,1
148,1,1332,943,110,27,1,1,1,1
148,2,2475,924,56,25,1,1,1,1
148,4,2374,927,30,19,1,1,1,1
148,5,2358,929,28,17,1,1,1,1
149,0,2395,927,48,23,1,1,1,1
149,1,1329,943,111,27,1,1,1,1
149,2,2475,924,55,24,1,1,1,1
149,4,2374,927,30,19,1,1,1,1
149,5,2358,929,28,18,1,1,1,1
150,0,2396,927,48,23,1,1,1,1
150,1,1325,943,111,27,1,1,1,1
150,2,2476,924,55,24,1,1,1,1
150,4,2373,927,30,19,1,1,1,1
150,5,2357,929,28,18,1,1,1,1
151,0,2397,927,48,23,1,1,1,1
151,1,1322,943,111,27,1,1,1,1
151,2,2476,924,54,24,1,1,1,1
151,4,2372,927,30,19,1,1,1,1
151,5,2356,929,28,18,1,1,1,1
152,0,2399,927,48,23,1,1,1,1
152,1,1319,943,111,27,1,1,1,1
152,2,2477,924,54,24,1,1,1,1
152,4,2371,927,30,19,1,1,1,1
152,5,2356,929,28,18,1,1,1,1
153,0,2400,927,47,23,1,1,1,1
153,1,1316,943,111,27,1,1,1,1
153,2,2477,924,54,24,1,1,1,1
153,4,2370,927,31,19,1,1,1,1
153,5,2355,929,28,18,1,1,1,1
154,0,2401,927,47,23,1,1,1,1
154,1,1312,943,111,27,1,1,1,1
154,2,2478,925,53,24,1,1,1,1
154,4,2369,927,31,19,1,1,1,1
154,5,2354,929,28,18,1,1,1,1
155,0,2403,927,47,23,1,1,1,1
155,1,1309,943,111,27,1,1,1,1
155,2,2478,925,53,24,1,1,1,1
155,4,2368,927,31,19,1,1,1,1
155,5,2354,929,28,18,1,1,1,1
156,0,2404,927,47,23,1,1,1,1
156,1,1306,943,112,27,1,1,1,1
156,2,2479,925,53,24,1,1,1,1
156,4,2367,927,31,19,1,1,1,1
156,5,2353,929,28,18,1,1,1,1
157,0,2405,926,47,23,1,1,1,1
157,1,1303,943,112,27,1,1,1,1
157,2,2480,925,52,23,1,1,1,1
157,4,2366,927,32,19,1,1,1,1
157,5,2352,929,28,18,1,1,1,1
158,0,2407,926,47,23,1,1,1,1
158,1,1299,943,112,27,1,1,1,1
158,2,2480,925,52,23,1,1,1,1
158,4,2365,927,32,19,1,1,1,1
158,5,2352,929,28,18,1,1,1,1
159,0,2408,926,47,23,1,1,1,1
159,1,1296,943,112,27,1,1,1,1
159,2,2481,925,52,23,1,1,1,1
159,4,2364,927,32,20,1,1,1,1
159,5,2351,929,28,18,1,1,1,1
160,0,2409,926,46,23,1,1,1,1
160,1,1292,943,112,27,1,1,1,1
160,2,2481,925,51,23,1,1,1,1
160,4,2363,927,33,20,1,1,1,1
160,5,2350,929,28,18,1,1,1,1
161,0,2411,926,46,23,1,1,1,1
161,1,1289,943,113,27,1,1,1,1
161,2,2482,925,51,23,1,1,1,1
161,4,2362,927,33,20,1,1,1,1
161,5,2350,929,28,18,1,1,1,1
162,0,2412,926,46,23,1,1,1,1
162,1,1285,943,113,27,1,1,1,1
162,2,2482,925,51,23,1,1,1,1
162,4,2361,927,33,20,1,1,1,1
162,5,2349,929,28,18,1,1,1,1
163,0,2413,926,46,23,1,1,1,1
163,1,1282,943,113,27,1,1,1,1
163,2,2483,925,50,23,1,1,1,1
163,4,2359,926,33,20,1,1,1,1
163,5,2349,929,28,18,1,1,1,1
164,0,2415,926,46,23,1,1,1,1
164,1,1278,943,114,27,1,1,1,1
164,2,2483,925,50,23,1,1,1,1
164,4,2358,926,34,20,1,1,1,1
164,5,2348,929,28,18,1,1,1,1
165,0,2416,926,46,23,1,1,1,1
165,1,1274,943,114,27,1,1,1,1
165,2,2484,925,50,23,1,1,1,1
165,4,2357,926,34,20,1,1,1,1
165,5,2347,929,28,18,1,1,1,1
166,0,2417,926,46,23,1,1,1,1
166,1,1271,943,114,27,1,1,1,1
166,2,2484,926,49,22,1,1,1,1
166,4,2356,926,34,20,1,1,1,1
166,5,2347,929,28,18,1,1,1,1
167,0,2419,926,46,23,1,1,1,1
167,1,1267,943,115,27,1,1,1,1
167,2,2485,926,49,22,1,1,1,1
167,4,2355,926,35,20,1,1,1,1
167,5,2346,929,28,18,1,1,1,1
168,0,2420,926,45,23,1,1,1,1
168,1,1264,943,115,27,1,1,1,1
168,2,2485,926,49,22,1,1,1,1
168,4,2354,926,35,20,1,1,1,1
168,5,2345,929,28,18,1,1,1,1
169,0,2421,926,45,23,1,1,1,1
169,1,1260,943,115,27,1,1,1,1
169,2,2486,926,48,22,1,1,1,1
169,4,2353,926,35,20,1,1,1,1
169,5,2345,929,28,18,1,1,1,1
170,0,2423,926,45,23,1,1,1,1
170,1,1257,943,115,27,1,1,1,1
170,2,2486,926,48,22,1,1,1,1
170,4,2352,926,35,20,1,1,1,1
170,5,2344,929,28,18,1,1,1,1
171,0,2424,926,45,23,1,1,1,1
171,1,1253,943,116,27,1,1,1,1
171,2,2487,926,48,22,1,1,1,1
171,4,2351,926,36,20,1,1,1,1
171,5,2343,929,28,18,1,1,1,1
172,0,2425,926,45,23,1,1,1,1
172,1,1249,943,116,27,1,1,1,1
172,2,2487,926,47,22,1,1,1,1
172,4,2350,926,36,20,1,1,1,1
172,5,2343,929,28,18,1,1,1,1
173,0,2426,926,45,23,1,1,1,1
173,1,1246,943,116,27,1,1,1,1
173,2,2488,926,47,22,1,1,1,1
173,4,2349,926,36,20,1,1,1,1
173,5,2342,929,28,18,1,1,1,1
174,0,2427,926,45,23,1,1,1,1
174,1,1242,943,117,27,1,1,1,1
174,2,2488,926,47,22,1,1,1,1
174,4,2348,926,37,21,1,1,1,1
174,5,2341,930,28,18,1,1,1,1
175,0,2428,926,45,23,1,1,1,1
175,1,1239,943,117,27,1,1,1,1
175,2,2489,926,46,21,1,1,1,1
175,4,2347,926,37,21,1,1,1,1
175,5,2341,930,28,18,1,1,1,1
176,0,2429,926,45,23,1,1,1,1
176,1,1235,943,117,27,1,1,1,1
176,2,2490,926,46,21,1,1,1,1
176,3,0,950,35,47,1,1,1,1
176,4,2346,926,37,21,1,1,1,1
176,5,2340,930,28,18,1,1,1,1
177,0,2430,926,45,23,1,1,1,1
177,1,1231,943,118,27,1,1,1,1
177,2,2490,926,46,21,1,1,1,1
177,3,0,949,49,48,1,1,1,1
177,4,2345,926,37,21,1,1,1,1
177,5,2339,930,28,18,1,1,1,1
178,0,2431,926,44,23,1,1,1,1
178,1,1228,943,118,27,1,1,1,1
178,2,2491,927,45,21,1,1,1,1
178,3,0,949,63,48,1,1,1,1
178,4,2344,926,38,21,1,1,1,1
178,5,2339,930,28,18,1,1,1,1
179,0,2432,926,44,23,1,1,1,1
179,1,1224,943,118,27,1,1,1,1
179,2,2491,927,45,21,1,1,1,1
179,3,0,948,78,49,1,1,1,1
179,4,2343,926,38,21,1,1,1,1
179,5,2338,930,28,18,1,1,1,1
180,0,2433,926,44,23,1,1,1,1
180,1,1221,944,119,28,1,1,1,1
180,2,2492,927,45,21,1,1,1,1
180,3,0,947,92,50,1,1,1,1
180,4,2342,926,38,21,1,1,1,1
180,5,2337,930,28,18,1,1,1,1
181,0,2434,926,44,23,1,1,1,1
181,1,1217,944,119,28,1,1,1,1
181,2,2492,927,44,21,1,1,1,1
181,3,0,946,106,51,1,1,1,1
181,4,2341,926,38,21,1,1,1,1
181,5,2337,930,28,18,1,1,1,1
182,0,2435,926,44,22,1,1,1,1
182,1,1214,944,119,28,1,1,1,1
182,2,2493,927,44,21,1,1,1,1
182,3,1,946,120,51,1,1,1,1
182,4,2340,926,39,21,1,1,1,1
182,5,2336,930,28,18,1,1,1,1
183,0,2436,926,44,22,1,1,1,1
183,1,1210,944,120,28,1,1,1,1
183,2,2493,927,43,20,1,1,1,1
183,3,1,945,134,52,1,1,1,1
183,4,2339,926,39,21,1,1,1,1
183,5,2335,930,28,18,1,1,1,1
184,0,2437,926,44,22,1,1,1,1
184,1,1206,944,120,28,1,1,1,1
184,2,2494,927,43,20,1,1,1,1
184,3,1,944,148,53,1,1,1,1
184,4,2338,926,39,21,1,1,1,1
184,5,2335,930,28,18,1,1,1,1
185,0,2438,926,44,22,1,1,1,1
185,1,1203,944,120,28,1,1,1,1
185,2,2494,927,43,20,1,1,1,1
185,3,1,943,163,54,1,1,1,1
185,4,2337,926,40,21,1,1,1,1
185,5,2334,930,28,18,1,1,1,1
186,0,2439,926,44,22,1,1,1,1
186,1,1199,944,121,28,1,1,1,1
186,2,2495,927,42,20,1,1,1,1
186,3,1,943,177,54,1,1,1,1
186,4,2335,925,40,21,1,1,1,1
186,5,2333,930,28,18,1,1,1,1
187,0,2440,926,44,22,1,1,1,1
187,1,1196,944,121,28,1,1,1,1
187,2,2495,927,42,20,1,1,1,1
187,3,1,942,191,55,1,1,1,1
187,4,2334,925,40,21,1,1,1,1
187,5,2333,930,28,18,1,1,1,1
188,0,2441,926,44,22,1,1,1,1
188,1,1192,944,121,28,1,1,1,1
188,2,2496,927,42,20,1,1,1,1
188,3,1,941,201,56,1,1,1,1
188,4,2333,925,40,21,1,1,1,1
188,5,2332,930,28,18,1,1,1,1
189,0,2442,926,44,22,1,1,1,1
189,1,1188,944,122,28,1,1,1,1
189,2,2496,927,41,20,1,1,1,1
189,3,1,940,211,57,1,1,1,1
189,4,2332,925,41,21,1,1,1,1
189,5,2332,930,28,18,1,1,1,1
190,0,2443,926,44,22,1,1,1,1
190,1,1185,944,122,28,1,1,1,1
190,2,2497,928,41,20,1,1,1,1
190,3,0,939,227,58,1,1,1,1
190,4,2331,925,41,22,1,1,1,1
190,5,2331,930,28,18,1,1,1,1
191,0,2444,926,44,22,1,1,1,1
191,1,1181,944,122,28,1,1,1,1
191,2,2497,928,41,20,1,1,1,1
191,3,-2,938,242,59,1,1,1,1
191,4,2330,925,41,22,1,1,1,1
191,5,2330,930,28,18,1,1,1,1
192,0,2446,927,43,22,1,1,1,1
192,1,1178,944,122,28,1,1,1,1
192,2,2498,928,40,19,1,1,1,1
192,3,-3,936,257,60,1,1,1,1
192,4,2329,925,42,22,1,1,1,1
192,5,2330,930,28,18,1,1,1,1
193,0,2447,927,43,22,1,1,1,1
193,1,1174,944,123,28,1,1,1,1
193,2,2498,928,40,19,1,1,1,1
193,3,-1,930,269,66,1,1,1,1
193,4,2328,925,42,22,1,1,1,1
193,5,2329,930,28,18,1,1,1,1
194,0,2448,927,43,22,1,1,1,1
194,1,1171,944,123,28,1,1,1,1
194,2,2499,928,40,19,1,1,1,1
194,3,0,924,281,72,1,1,1,1
194,4,2327,925,42,22,1,1,1,1
194,5,2328,930,28,18,1,1,1,1
195,0,2449,927,43,22,1,1,1,1
195,1,1167,944,123,28,1,1,1,1
195,2,2499,928,39,19,1,1,1,1
195,3,1,918,293,78,1,1,1,1
195,4,2326,925,42,22,1,1,1,1
195,5,2328,930,28,18,1,1,1,1
196,0,2450,927,43,22,1,1,1,1
196,1,1163,944,124,28,1,1,1,1
196,2,2500,928,39,19,1,1,1,1
196,3,3,916,305,81,1,1,1,1
196,4,2325,925,43,22,1,1,1,1
196,5,2327,930,28,18,1,1,1,1
197,0,2451,927,43,22,1,1,1,1
197,1,1160,944,124,28,1,1,1,1
197,2,2500,929,39,19,1,1,1,1
197,3,4,913,317,83,1,1,1,1
197,4,2324,925,43,22,1,1,1,1
197,5,2326,930,28,18,1,1,1,1
198,0,2452,927,43,22,1,1,1,1
198,1,1156,944,124,28,1,1,1,1
198,2,2499,929,39,18,1,1,1,1
198,3,-3,911,339,86,1,1,1,1
198,4,2323,925,43,22,1,1,1,1
198,5,2326,930,28,18,1,1,1,1
199,0,2453,927,43,22,1,1,1,1
199,1,1153,944,125,28,1,1,1,1
199,3,4,908,344,88,1,1,1,1
199,4,2322,925,43,22,1,1,1,1
199,5,2325,930,28,18,1,1,1,1
200,0,2454,927,43,22,1,1,1,1
200,1,1149,944,125,28,1,1,1,1
200,3,19,912,343,84,1,1,1,1
200,4,2321,925,43,22,1,1,1,1
200,5,2324,930,28,18,1,1,1,1
201,0,2455,927,43,22,1,1,1,1
201,1,1145,944,126,28,1,1,1,1
201,3,35,915,341,81,1,1,1,1
201,4,2320,925,43,22,1,1,1,1
201,5,2324,930,28,18,1,1,1,1
202,0,2456,927,43,21,1,1,1,1
202,1,1140,944,126,28,1,1,1,1
202,3,50,919,340,77,1,1,1,1
202,4,2319,925,43,22,1,1,1,1
202,5,2323,930,28,18,1,1,1,1
203,0,2457,927,43,21,1,1,1,1
203,1,1136,944,127,28,1,1,1,1
203,3,65,922,338,73,1,1,1,1
203,4,2319,925,42,22,1,1,1,1
203,5,2322,930,28,18,1,1,1,1
204,0,2458,927,43,21,1,1,1,1
204,1,1131,944,128,28,1,1,1,1
204,3,78,922,336,73,1,1,1,1
204,4,2318,925,42,22,1,1,1,1
204,5,2321,930,28,18,1,1,1,1
205,0,2459,927,43,21,1,1,1,1
205,1,1127,944,129,28,1,1,1,1
205,3,92,922,334,73,1,1,1,1
205,4,2317,925,42,22,1,1,1,1
205,5,2321,930,28,18,1,1,1,1
206,0,2460,927,42,21,1,1,1,1
206,1,1123,944,129,28,1,1,1,1
206,3,105,922,332,72,1,1,1,1
206,4,2316,925,42,22,1,1,1,1
206,5,2320,930,28,18,1,1,1,1
207,0,2461,927,42,21,1,1,1,1
207,1,1118,944,130,28,1,1,1,1
207,3,119,922,331,72,1,1,1,1
207,4,2315,925,42,22,1,1,1,1
207,5,2319,930,29,18,1,1,1,1
208,0,2462,927,42,21,1,1,1,1
208,1,1114,944,131,29,1,1,1,1
208,3,132,922,329,72,1,1,1,1
208,4,2314,925,42,22,1,1,1,1
208,5,2318,930,29,18,1,1,1,1
209,0,2463,927,42,21,1,1,1,1
209,1,1109,944,131,29,1,1,1,1
209,3,146,923,327,72,1,1,1,1
209,4,2313,925,42,22,1,1,1,1
209,5,2318,930,29,18,1,1,1,1
210,0,2464,927,42,21,1,1,1,1
210,1,1105,944,132,29,1,1,1,1
210,3,159,923,325,72,1,1,1,1
210,4,2312,925,42,22,1,1,1,1
210,5,2317,930,29,18,1,1,1,1
211,0,2465,927,42,21,1,1,1,1
211,1,1101,944,133,29,1,1,1,1
211,3,172,923,323,72,1,1,1,1
211,4,2311,925,42,22,1,1,1,1
211,5,2316,930,29,18,1,1,1,1
212,0,2466,927,42,21,1,1,1,1
212,1,1096,944,133,29,1,1,1,1
212,3,186,923,321,71,1,1,1,1
212,4,2310,925,42,22,1,1,1,1
212,5,2315,930,29,18,1,1,1,1
213,0,2467,927,42,21,1,1,1,1
213,1,1092,944,134,29,1,1,1,1
213,3,199,923,319,71,1,1,1,1
213,4,2309,925,42,22,1,1,1,1
213,5,2315,930,29,18,1,1,1,1
214,0,2468,927,42,21,1,1,1,1
214,1,1087,944,135,29,1,1,1,1
214,3,213,923,317,71,1,1,1,1
214,4,2308,925,42,22,1,1,1,1
214,5,2314,930,29,18,1,1,1,1
215,0,2468,927,42,21,1,1,1,1
215,1,1083,944,136,29,1,1,1,1
215,3,226,923,316,71,1,1,1,1
215,4,2308,925,41,22,1,1,1,1
215,5,2313,930,29,18,1,1,1,1
216,0,2469,927,42,21,1,1,1,1
216,1,1079,944,136,29,1,1,1,1
216,3,240,923,314,71,1,1,1,1
216,4,2307,925,41,22,1,1,1,1
216,5,2312,930,29,18,1,1,1,1
217,0,2470,927,42,21,1,1,1,1
217,1,1074,944,137,29,1,1,1,1
217,3,253,923,312,71,1,1,1,1
217,4,2306,925,41,22,1,1,1,1
217,5,2311,930,29,18,1,1,1,1
218,0,2471,927,42,21,1,1,1,1
218,1,1070,944,138,29,1,1,1,1
218,3,267,923,310,70,1,1,1,1
218,4,2305,925,41,22,1,1,1,1
218,5,2310,930,29,18,1,1,1,1
219,0,2472,927,42,21,1,1,1,1
219,1,1065,944,138,29,1,1,1,1
219,3,280,923,308,70,1,1,1,1
219,4,2304,925,41,22,1,1,1,1
219,5,2309,930,29,18,1,1,1,1
220,0,2472,927,42,21,1,1,1,1
220,1,1061,944,139,29,1,1,1,1
220,3,293,923,306,70,1,1,1,1
220,4,2303,925,41,22,1,1,1,1
220,5,2308,930,29,18,1,1,1,1
221,0,2473,927,42,21,1,1,1,1
221,1,1057,944,140,29,1,1,1,1
221,3,307,924,304,70,1,1,1,1
221,4,2302,925,41,22,1,1,1,1
221,5,2307,930,29,18,1,1,1,1
222,0,2474,926,43,21,1,1,1,1
222,1,1052,944,140,29,1,1,1,1
222,3,320,924,302,70,1,1,1,1
222,4,2301,925,41,22,1,1,1,1
222,5,2305,930,30,18,1,1,1,1
223,0,2475,926,43,21,1,1,1,1
223,1,1048,944,141,29,1,1,1,1
223,3,334,924,301,70,1,1,1,1
223,4,2300,925,41,22,1,1,1,1
223,5,2304,930,30,18,1,1,1,1
224,0,2475,926,43,21,1,1,1,1
224,1,1043,945,142,30,1,1,1,1
224,3,347,924,299,69,1,1,1,1
224,4,2299,925,41,22,1,1,1,1
224,5,2303,930,30,18,1,1,1,1
225,0,2476,926,43,21,1,1,1,1
225,1,1039,945,143,30,1,1,1,1
225,3,361,924,297,69,1,1,1,1
225,4,2298,925,41,22,1,1,1,1
225,5,2302,930,30,18,1,1,1,1
226,0,2477,926,43,21,1,1,1,1
226,1,1034,945,143,30,1,1,1,1
226,3,374,924,295,69,1,1,1,1
226,4,2297,925,41,22,1,1,1,1
226,5,2301,930,30,18,1,1,1,1
227,0,2478,926,43,21,1,1,1,1
227,1,1030,945,144,30,1,1,1,1
227,3,385,924,293,69,1,1,1,1
227,4,2297,925,40,23,1,1,1,1
227,5,2300,930,30,18,1,1,1,1
228,0,2479,926,43,21,1,1,1,1
228,1,1026,945,145,30,1,1,1,1
228,3,397,924,292,69,1,1,1,1
228,4,2296,925,40,23,1,1,1,1
228,5,2299,930,30,18,1,1,1,1
229,0,2479,926,43,21,1,1,1,1
229,1,1021,945,145,30,1,1,1,1
229,3,408,924,290,69,1,1,1,1
229,4,2295,925,40,23,1,1,1,1
229,5,2298,930,30,18,1,1,1,1
230,0,2480,926,43,21,1,1,1,1
230,1,1017,945,146,30,1,1,1,1
230,3,419,924,288,68,1,1,1,1
230,4,2294,925,40,23,1,1,1,1
230,5,2297,930,30,18,1,1,1,1
231,0,2481,926,43,21,1,1,1,1
231,1,1012,945,147,30,1,1,1,1
231,3,430,924,286,68,1,1,1,1
231,4,2293,925,40,23,1,1,1,1
231,5,2297,930,30,18,1,1,1,1
232,0,2482,926,42,21,1,1,1,1
232,1,1008,945,147,30,1,1,1,1
232,3,442,924,285,68,1,1,1,1
232,4,2292,925,40,23,1,1,1,1
232,5,2296,930,30,18,1,1,1,1
233,0,2483,926,40,21,1,1,1,1
233,1,1004,945,148,30,1,1,1,1
233,3,453,925,283,68,1,1,1,1
233,4,2291,925,40,23,1,1,1,1
233,5,2295,930,30,18,1,1,1,1
234,0,2484,926,40,21,1,1,1,1
234,1,999,945,149,30,1,1,1,1
234,3,464,925,281,68,1,1,1,1
234,4,2290,925,40,23,1,1,1,1
234,5,2294,930,30,18,1,1,1,1
235,0,2485,926,41,21,1,1,1,1
235,1,995,945,150,30,1,1,1,1
235,3,475,925,279,68,1,1,1,1
235,4,2289,925,40,23,1,1,1,1
235,5,2294,930,30,18,1,1,1,1
236,0,2486,926,41,21,1,1,1,1
236,1,990,945,150,30,1,1,1,1
236,3,487,925,278,68,1,1,1,1
236,4,2288,925,40,23,1,1,1,1
236,5,2293,930,30,18,1,1,1,1
237,0,2487,926,41,21,1,1,1,1
237,1,986,945,151,30,1,1,1,1
237,3,498,925,276,67,1,1,1,1
237,4,2287,925,40,23,1,1,1,1
237,5,2292,930,30,18,1,1,1,1
238,0,2488,926,42,21,1,1,1,1
238,1,982,945,152,30,1,1,1,1
238,3,509,925,274,67,1,1,1,1
238,4,2286,925,40,23,1,1,1,1
238,5,2291,930,30,18,1,1,1,1
239,0,2489,926,42,21,1,1,1,1
239,1,977,945,152,30,1,1,1,1
239,3,520,925,272,67,1,1,1,1
239,4,2286,925,39,23,1,1,1,1
239,5,2290,930,30,18,1,1,1,1
240,0,2490,926,42,21,1,1,1,1
240,1,973,945,153,31,1,1,1,1
240,3,532,925,271,67,1,1,1,1
240,4,2285,925,39,23,1,1,1,1
240,5,2290,930,30,18,1,1,1,1
241,0,2491,926,42,21,1,1,1,1
241,1,968,945,154,31,1,1,1,1
241,3,543,925,269,67,1,1,1,1
241,4,2284,925,39,23,1,1,1,1
241,5,2289,930,30,18,1,1,1,1
242,0,2492,926,41,21,1,1,1,1
242,1,964,945,154,31,1,1,1,1
242,3,554,925,267,67,1,1,1,1
242,4,2283,925,39,23,1,1,1,1
242,5,2288,930,30,18,1,1,1,1
243,0,2493,926,41,21,1,1,1,1
243,1,960,945,155,31,1,1,1,1
243,3,565,925,265,66,1,1,1,1
243,4,2282,925,39,23,1,1,1,1
243,5,2287,930,30,18,1,1,1,1
244,0,2494,926,40,21,1,1,1,1
244,1,955,945,156,31,1,1,1,1
244,3,577,925,264,66,1,1,1,1
244,4,2281,925,39,23,1,1,1,1
244,5,2286,930,30,18,1,1,1,1
245,0,2495,926,40,21,1,1,1,1
245,1,951,945,157,31,1,1,1,1
245,3,588,925,262,66,1,1,1,1
245,4,2280,925,39,23,1,1,1,1
245,5,2286,930,30,18,1,1,1,1
246,0,2496,926,39,21,1,1,1,1
246,1,946,945,157,31,1,1,1,1
246,3,599,925,260,66,1,1,1,1
246,4,2279,925,39,23,1,1,1,1
246,5,2285,930,30,18,1,1,1,1
247,0,2497,926,38,21,1,1,1,1
247,1,942,945,158,31,1,1,1,1
247,3,610,926,258,66,1,1,1,1
247,4,2278,925,39,23,1,1,1,1
247,5,2284,930,30,18,1,1,1,1
248,0,2498,926,38,21,1,1,1,1
248,1,937,945,159,31,1,1,1,1
248,3,622,926,257,66,1,1,1,1
248,4,2277,925,39,23,1,1,1,1
248,5,2283,930,30,18,1,1,1,1
249,0,2498,925,39,21,1,1,1,1
249,1,931,945,159,31,1,1,1,1
249,3,633,926,255,66,1,1,1,1
249,4,2276,925,39,23,1,1,1,1
249,5,2283,930,30,18,1,1,1,1
250,0,2499,925,37,22,1,1,1,1
250,1,926,945,160,31,1,1,1,1
250,3,644,926,253,65,1,1,1,1
250,4,2275,925,39,23,1,1,1,1
250,5,2282,930,30,18,1,1,1,1
251,0,2500,925,38,22,1,1,1,1
251,1,921,945,160,31,1,1,1,1
251,3,655,926,251,65,1,1,1,1
251,4,2275,925,38,23,1,1,1,1
251,5,2281,930,30,18,1,1,1,1
252,0,2501,925,38,22,1,1,1,1
252,1,916,945,161,32,1,1,1,1
252,3,667,926,250,65,1,1,1,1
252,4,2274,925,38,23,1,1,1,1
252,5,2280,930,30,18,1,1,1,1
253,0,2501,925,37,22,1,1,1,1
253,1,910,945,161,32,1,1,1,1
253,3,678,926,248,65,1,1,1,1
253,4,2273,925,38,23,1,1,1,1
253,5,2279,930,30,18,1,1,1,1
254,0,2502,925,37,22,1,1,1,1
254,1,905,945,162,32,1,1,1,1
254,3,688,926,247,65,1,1,1,1
254,4,2272,925,38,23,1,1,1,1
254,5,2279,930,30,18,1,1,1,1
255,0,2503,925,36,22,1,1,1,1
255,1,900,944,163,32,1,1,1,1
255,3,698,926,245,65,1,1,1,1
255,4,2271,925,38,23,1,1,1,1
255,5,2278,930,30,18,1,1,1,1
256,0,2504,925,36,22,1,1,1,1
256,1,894,944,163,32,1,1,1,1
256,3,707,926,244,65,1,1,1,1
256,4,2270,925,38,23,1,1,1,1
256,5,2277,930,30,18,1,1,1,1
257,0,2504,925,35,22,1,1,1,1
257,1,889,944,164,32,1,1,1,1
257,3,717,926,242,65,1,1,1,1
257,4,2269,925,38,23,1,1,1,1
257,5,2276,930,30,18,1,1,1,1
258,0,2505,925,35,22,1,1,1,1
258,1,884,944,164,32,1,1,1,1
258,3,727,927,241,65,1,1,1,1
258,4,2268,925,38,23,1,1,1,1
258,5,2275,930,30,18,1,1,1,1
259,0,2506,925,34,22,1,1,1,1
259,1,879,944,165,32,1,1,1,1
259,3,737,927,239,64,1,1,1,1
259,4,2267,925,38,23,1,1,1,1
259,5,2275,930,30,18,1,1,1,1
260,0,2507,925,34,22,1,1,1,1
260,1,873,944,165,32,1,1,1,1
260,3,747,927,238,64,1,1,1,1
260,4,2265,925,39,23,1,1,1,1
260,5,2274,930,30,18,1,1,1,1
261,0,2507,925,33,22,1,1,1,1
261,1,868,944,166,33,1,1,1,1
261,3,756,927,236,64,1,1,1,1
261,4,2264,925,39,23,1,1,1,1
261,5,2273,930,30,18,1,1,1,1
262,0,2508,925,33,22,1,1,1,1
262,1,863,944,167,33,1,1,1,1
262,3,766,927,235,64,1,1,1,1
262,4,2263,925,39,23,1,1,1,1
262,5,2272,930,30,18,1,1,1,1
263,0,2509,925,32,22,1,1,1,1
263,1,857,944,167,33,1,1,1,1
263,3,776,927,233,64,1,1,1,1
263,4,2262,925,39,23,1,1,1,1
263,5,2272,930,30,18,1,1,1,1
264,0,2510,925,32,22,1,1,1,1
264,1,852,944,168,33,1,1,1,1
264,3,785,927,232,64,1,1,1,1
264,4,2261,925,39,23,1,1,1,1
264,5,2271,930,30,18,1,1,1,1
265,0,2510,925,31,22,1,1,1,1
265,1,847,944,168,33,1,1,1,1
265,3,794,927,230,64,1,1,1,1
265,4,2260,925,39,23,1,1,1,1
265,5,2270,930,30,18,1,1,1,1
266,0,2511,925,31,22,1,1,1,1
266,1,842,944,169,33,1,1,1,1
266,3,803,927,229,64,1,1,1,1
266,4,2259,925,40,23,1,1,1,1
266,5,2269,930,30,18,1,1,1,1
267,0,2512,925,30,22,1,1,1,1
267,1,836,944,169,33,1,1,1,1
267,3,812,927,227,63,1,1,1,1
267,4,2257,925,40,23,1,1,1,1
267,5,2268,930,30,18,1,1,1,1
268,0,2513,925,29,22,1,1,1,1
268,1,831,944,170,33,1,1,1,1
268,3,821,927,226,63,1,1,1,1
268,4,2256,925,40,23,1,1,1,1
268,5,2268,930,30,18,1,1,1,1
269,0,2514,925,28,21,1,1,1,1
269,1,826,943,171,33,1,1,1,1
269,3,830,927,225,63,1,1,1,1
269,4,2255,925,40,23,1,1,1,1
269,5,2267,930,30,18,1,1,1,1
270,0,2515,926,28,21,1,1,1,1
270,1,820,943,171,33,1,1,1,1
270,3,839,927,223,63,1,1,1,1
270,4,2254,925,40,23,1,1,1,1
270,5,2266,930,30,18,1,1,1,1
271,0,2515,926,27,21,1,1,1,1
271,1,815,943,172,34,1,1,1,1
271,3,848,927,222,63,1,1,1,1
271,4,2253,925,40,23,1,1,1,1
271,5,2265,930,30,18,1,1,1,1
272,0,2516,926,26,21,1,1,1,1
272,1,810,943,172,34,1,1,1,1
272,3,858,928,221,63,1,1,1,1
272,4,2252,925,40,23,1,1,1,1
272,5,2264,930,30,18,1,1,1,1
273,0,2517,926,25,20,1,1,1,1
273,1,805,943,173,34,1,1,1,1
273,3,867,928,219,62,1,1,1,1
273,4,2250,925,41,23,1,1,1,1
273,5,2264,930,30,18,1,1,1,1
274,0,2518,926,24,20,1,1,1,1
274,1,799,943,173,34,1,1,1,1
274,3,876,928,218,62,1,1,1,1
274,4,2249,925,41,23,1,1,1,1
274,5,2263,930,30,18,1,1,1,1
275,1,794,943,174,34,1,1,1,1
275,3,885,928,216,62,1,1,1,1
275,4,2248,925,41,23,1,1,1,1
275,5,2262,930,30,18,1,1,1,1
276,1,788,943,175,34,1,1,1,1
276,3,894,928,215,62,1,1,1,1
276,4,2247,926,41,24,1,1,1,1
276,5,2261,930,30,18,1,1,1,1
277,1,783,943,175,34,1,1,1,1
277,3,903,928,214,62,1,1,1,1
277,4,2246,926,41,24,1,1,1,1
277,5,2261,931,30,18,1,1,1,1
278,1,777,943,176,34,1,1,1,1
278,3,912,928,212,62,1,1,1,1
278,4,2245,926,41,24,1,1,1,1
278,5,2260,931,29,18,1,1,1,1
279,1,772,943,177,34,1,1,1,1
279,3,921,928,211,61,1,1,1,1
279,4,2244,926,41,24,1,1,1,1
279,5,2259,931,29,18,1,1,1,1
280,1,766,943,178,35,1,1,1,1
280,3,930,928,209,61,1,1,1,1
280,4,2242,926,42,24,1,1,1,1
280,5,2258,931,29,18,1,1,1,1
281,1,760,943,178,35,1,1,1,1
281,3,939,928,208,61,1,1,1,1
281,4,2241,926,42,24,1,1,1,1
281,5,2257,931,29,18,1,1,1,1
282,1,755,943,179,35,1,1,1,1
282,3,946,928,207,61,1,1,1,1
282,4,2240,926,42,24,1,1,1,1
282,5,2257,931,29,18,1,1,1,1
283,1,749,943,180,35,1,1,1,1
283,3,954,928,207,61,1,1,1,1
283,4,2239,926,42,24,1,1,1,1
283,5,2256,931,29,18,1,1,1,1
284,1,744,942,180,35,1,1,1,1
284,3,961,928,206,61,1,1,1,1
284,4,2238,926,42,24,1,1,1,1
284,5,2255,931,29,18,1,1,1,1
285,1,738,942,181,35,1,1,1,1
285,3,969,928,205,60,1,1,1,1
285,4,2237,926,42,24,1,1,1,1
285,5,2254,931,29,18,1,1,1,1
286,1,733,942,182,35,1,1,1,1
286,3,976,928,205,60,1,1,1,1
286,4,2236,926,43,24,1,1,1,1
286,5,2253,931,29,18,1,1,1,1
287,1,727,942,182,35,1,1,1,1
287,3,984,928,204,60,1,1,1,1
287,4,2234,926,43,24,1,1,1,1
287,5,2253,931,29,18,1,1,1,1
288,1,721,942,183,36,1,1,1,1
288,3,991,928,203,60,1,1,1,1
288,4,2233,926,43,24,1,1,1,1
288,5,2252,931,29,18,1,1,1,1
289,1,716,942,184,36,1,1,1,1
289,3,999,928,203,60,1,1,1,1
289,4,2232,926,43,24,1,1,1,1
289,5,2251,931,29,18,1,1,1,1
290,1,710,942,185,36,1,1,1,1
290,3,1006,928,202,60,1,1,1,1
290,4,2231,926,43,24,1,1,1,1
290,5,2250,931,29,18,1,1,1,1
291,1,705,942,185,36,1,1,1,1
291,3,1014,928,202,60,1,1,1,1
291,4,2230,926,43,24,1,1,1,1
291,5,2250,931,29,18,1,1,1,1
292,1,699,942,186,36,1,1,1,1
292,3,1021,928,201,60,1,1,1,1
292,4,2229,926,43,24,1,1,1,1
292,5,2249,931,29,18,1,1,1,1
293,1,693,942,187,36,1,1,1,1
293,3,1029,928,200,59,1,1,1,1
293,4,2227,926,44,24,1,1,1,1
293,5,2248,931,29,18,1,1,1,1
294,1,687,942,187,36,1,1,1,1
294,3,1036,928,200,59,1,1,1,1
294,4,2226,926,44,24,1,1,1,1
294,5,2247,931,29,18,1,1,1,1
295,1,681,942,188,36,1,1,1,1
295,3,1044,928,199,59,1,1,1,1
295,4,2225,926,44,24,1,1,1,1
295,5,2246,931,29,18,1,1,1,1
296,1,675,942,189,36,1,1,1,1
296,3,1051,928,198,59,1,1,1,1
296,4,2224,926,44,24,1,1,1,1
296,5,2246,931,29,18,1,1,1,1
297,1,669,942,189,36,1,1,1,1
297,3,1059,928,198,59,1,1,1,1
297,4,2223,926,44,24,1,1,1,1
297,5,2245,931,29,18,1,1,1,1
298,1,663,942,190,37,1,1,1,1
298,3,1066,928,197,59,1,1,1,1
298,4,2222,926,44,24,1,1,1,1
298,5,2244,931,29,18,1,1,1,1
299,1,657,942,191,37,1,1,1,1
299,3,1074,928,196,59,1,1,1,1
299,4,2220,926,44,24,1,1,1,1
299,5,2243,931,29,18,1,1,1,1
300,1,651,942,191,37,1,1,1,1
300,3,1081,928,196,59,1,1,1,1
300,4,2219,926,44,24,1,1,1,1
300,5,2242,931,29,18,1,1,1,1
301,1,645,942,192,37,1,1,1,1
301,3,1089,928,195,58,1,1,1,1
301,4,2218,926,44,24,1,1,1,1
301,5,2242,931,29,18,1,1,1,1
302,1,639,942,193,37,1,1,1,1
302,3,1096,928,194,58,1,1,1,1
302,4,2217,926,44,24,1,1,1,1
302,5,2241,931,29,18,1,1,1,1
303,1,633,942,193,37,1,1,1,1
303,3,1104,928,194,58,1,1,1,1
303,4,2216,926,44,24,1,1,1,1
303,5,2240,931,29,18,1,1,1,1
304,1,627,942,194,37,1,1,1,1
304,3,1111,928,193,58,1,1,1,1
304,4,2214,926,44,24,1,1,1,1
304,5,2239,931,29,18,1,1,1,1
305,1,620,942,195,37,1,1,1,1
305,3,1119,928,193,58,1,1,1,1
305,4,2213,926,44,24,1,1,1,1
305,5,2239,931,29,18,1,1,1,1
306,1,614,942,195,37,1,1,1,1
306,3,1126,928,192,58,1,1,1,1
306,4,2212,926,44,24,1,1,1,1
306,5,2238,931,29,18,1,1,1,1
307,1,607,942,196,37,1,1,1,1
307,3,1134,928,191,58,1,1,1,1
307,4,2211,926,44,24,1,1,1,1
307,5,2237,931,29,18,1,1,1,1
308,1,600,942,197,37,1,1,1,1
308,3,1141,928,191,58,1,1,1,1
308,4,2209,926,44,24,1,1,1,1
308,5,2236,931,29,18,1,1,1,1
309,1,594,942,197,37,1,1,1,1
309,3,1149,928,190,57,1,1,1,1
309,4,2208,926,44,24,1,1,1,1
309,5,2235,931,29,18,1,1,1,1
310,1,587,942,198,37,1,1,1,1
310,3,1156,928,189,57,1,1,1,1
310,4,2207,926,44,24,1,1,1,1
310,5,2235,931,29,18,1,1,1,1
311,1,580,942,198,37,1,1,1,1
311,3,1164,928,189,57,1,1,1,1
311,4,2206,926,44,24,1,1,1,1
311,5,2234,931,29,18,1,1,1,1
312,1,573,942,199,37,1,1,1,1
312,3,1171,928,188,57,1,1,1,1
312,4,2205,926,44,24,1,1,1,1
312,5,2233,931,29,18,1,1,1,1
313,1,567,942,200,37,1,1,1,1
313,3,1178,928,187,57,1,1,1,1
313,4,2203,926,44,24,1,1,1,1
313,5,2232,931,29,18,1,1,1,1
314,1,560,942,200,37,1,1,1,1
314,3,1184,928,186,57,1,1,1,1
314,4,2202,926,44,24,1,1,1,1
314,5,2231,931,29,18,1,1,1,1
315,1,553,942,201,37,1,1,1,1
315,3,1191,928,186,57,1,1,1,1
315,4,2201,926,44,25,1,1,1,1
315,5,2231,931,29,18,1,1,1,1
316,1,547,942,202,38,1,1,1,1
316,3,1197,928,185,56,1,1,1,1
316,4,2200,926,43,25,1,1,1,1
316,5,2230,931,29,18,1,1,1,1
317,1,540,942,202,38,1,1,1,1
317,3,1204,928,184,56,1,1,1,1
317,4,2199,926,43,25,1,1,1,1
317,5,2229,931,29,18,1,1,1,1
318,1,533,942,203,38,1,1,1,1
318,3,1211,928,183,56,1,1,1,1
318,4,2197,926,43,25,1,1,1,1
318,5,2228,931,29,18,1,1,1,1
319,1,527,942,203,38,1,1,1,1
319,3,1217,928,183,56,1,1,1,1
319,4,2196,926,43,25,1,1,1,1
319,5,2228,931,29,18,1,1,1,1
320,1,520,942,204,38,1,1,1,1
320,3,1224,928,182,56,1,1,1,1
320,4,2195,926,43,25,1,1,1,1
320,5,2227,931,29,18,1,1,1,1
321,1,513,942,205,38,1,1,1,1
321,3,1230,928,181,56,1,1,1,1
321,4,2194,926,43,25,1,1,1,1
321,5,2226,931,29,18,1,1,1,1
322,1,506,942,205,38,1,1,1,1
322,3,1237,928,180,56,1,1,1,1
322,4,2193,926,43,25,1,1,1,1
322,5,2225,931,29,18,1,1,1,1
323,1,500,942,206,38,1,1,1,1
323,3,1243,928,179,55,1,1,1,1
323,4,2191,926,43,25,1,1,1,1
323,5,2224,931,29,18,1,1,1,1
324,1,493,942,207,38,1,1,1,1
324,3,1250,928,179,55,1,1,1,1
324,4,2190,926,43,25,1,1,1,1
324,5,2224,931,29,18,1,1,1,1
325,1,486,942,207,38,1,1,1,1
325,3,1257,928,178,55,1,1,1,1
325,4,2189,926,43,25,1,1,1,1
325,5,2223,931,29,18,1,1,1,1
326,1,480,942,208,38,1,1,1,1
326,3,1263,928,177,55,1,1,1,1
326,4,2188,926,43,25,1,1,1,1
326,5,2222,931,29,18,1,1,1,1
327,1,473,942,209,38,1,1,1,1
327,3,1270,928,176,55,1,1,1,1
327,4,2186,926,43,25,1,1,1,1
327,5,2223,931,30,18,1,1,1,1
328,1,466,942,209,38,1,1,1,1
328,3,1276,928,176,55,1,1,1,1
328,4,2185,926,43,25,1,1,1,1
328,5,2223,931,30,18,1,1,1,1
329,1,460,942,210,38,1,1,1,1
329,3,1283,928,175,55,1,1,1,1
329,4,2184,926,43,25,1,1,1,1
329,5,2222,931,30,18,1,1,1,1
330,1,453,942,210,38,1,1,1,1
330,3,1290,928,174,55,1,1,1,1
330,4,2183,926,43,25,1,1,1,1
330,5,2221,931,30,18,1,1,1,1
331,1,446,942,211,38,1,1,1,1
331,3,1296,927,173,54,1,1,1,1
331,4,2182,926,43,25,1,1,1,1
331,5,2221,931,30,18,1,1,1,1
332,1,440,942,212,38,1,1,1,1
332,3,1303,927,172,54,1,1,1,1
332,4,2180,926,43,25,1,1,1,1
332,5,2220,931,30,18,1,1,1,1
333,1,433,942,212,38,1,1,1,1
333,3,1309,927,172,54,1,1,1,1
333,4,2179,926,43,25,1,1,1,1
333,5,2219,931,29,18,1,1,1,1
334,1,426,942,213,38,1,1,1,1
334,3,1316,927,171,54,1,1,1,1
334,4,2178,926,43,25,1,1,1,1
334,5,2218,931,29,18,1,1,1,1
335,1,419,942,214,38,1,1,1,1
335,3,1322,927,170,54,1,1,1,1
335,4,2177,926,43,25,1,1,1,1
335,5,2217,931,29,18,1,1,1,1
336,1,413,942,214,38,1,1,1,1
336,3,1329,927,169,54,1,1,1,1
336,4,2175,926,43,25,1,1,1,1
336,5,2216,931,29,18,1,1,1,1
337,1,406,942,215,38,1,1,1,1
337,3,1336,927,169,54,1,1,1,1
337,4,2174,926,43,25,1,1,1,1
337,5,2216,931,29,18,1,1,1,1
338,1,399,942,215,38,1,1,1,1
338,3,1342,927,168,53,1,1,1,1
338,4,2173,926,43,25,1,1,1,1
338,5,2215,931,29,18,1,1,1,1
339,1,393,942,216,39,1,1,1,1
339,3,1349,927,167,53,1,1,1,1
339,4,2171,926,43,25,1,1,1,1
339,5,2214,931,29,18,1,1,1,1
340,1,386,942,217,39,1,1,1,1
340,3,1355,927,166,53,1,1,1,1
340,4,2170,926,44,25,1,1,1,1
340,5,2213,931,29,18,1,1,1,1
341,1,379,942,217,39,1,1,1,1
341,3,1362,927,165,53,1,1,1,1
341,4,2169,926,44,25,1,1,1,1
341,5,2212,931,28,18,1,1,1,1
342,1,373,942,218,39,1,1,1,1
342,3,1369,927,165,53,1,1,1,1
342,4,2168,926,44,25,1,1,1,1
342,5,2211,931,28,18,1,1,1,1
343,1,366,942,219,39,1,1,1,1
343,3,1375,927,164,53,1,1,1,1
343,4,2166,926,44,25,1,1,1,1
343,5,2211,931,28,18,1,1,1,1
344,1,359,942,219,39,1,1,1,1
344,3,1382,927,163,53,1,1,1,1
344,4,2165,926,44,25,1,1,1,1
344,5,2210,931,28,18,1,1,1,1
345,1,352,942,220,39,1,1,1,1
345,3,1388,927,162,52,1,1,1,1
345,4,2164,926,44,25,1,1,1,1
345,5,2209,931,28,18,1,1,1,1
346,1,346,942,220,39,1,1,1,1
346,3,1395,927,162,52,1,1,1,1
346,4,2162,926,44,25,1,1,1,1
346,5,2208,931,28,18,1,1,1,1
347,1,339,942,221,39,1,1,1,1
347,3,1401,927,161,52,1,1,1,1
347,4,2161,926,44,25,1,1,1,1
347,5,2207,931,29,18,1,1,1,1
348,1,332,942,222,39,1,1,1,1
348,3,1408,927,160,52,1,1,1,1
348,4,2160,926,44,25,1,1,1,1
348,5,2206,931,29,18,1,1,1,1
349,1,326,942,222,39,1,1,1,1
349,3,1414,927,159,52,1,1,1,1
349,4,2158,926,44,25,1,1,1,1
349,5,2205,931,30,18,1,1,1,1
350,1,319,942,223,39,1,1,1,1
350,3,1419,927,159,52,1,1,1,1
350,4,2157,926,44,25,1,1,1,1
350,5,2203,931,30,18,1,1,1,1
351,1,311,942,224,39,1,1,1,1
351,3,1425,927,158,52,1,1,1,1
351,4,2156,926,44,25,1,1,1,1
351,5,2202,931,30,18,1,1,1,1
352,1,304,942,224,39,1,1,1,1
352,3,1430,927,157,51,1,1,1,1
352,4,2155,926,45,25,1,1,1,1
352,5,2201,931,31,18,1,1,1,1
353,1,296,942,225,39,1,1,1,1
353,3,1436,927,157,51,1,1,1,1
353,4,2153,926,45,25,1,1,1,1
353,5,2200,931,31,18,1,1,1,1
354,1,288,942,226,39,1,1,1,1
354,3,1441,927,156,51,1,1,1,1
354,4,2152,926,45,25,1,1,1,1
354,5,2199,931,31,18,1,1,1,1
355,1,281,942,227,39,1,1,1,1
355,3,1447,927,155,51,1,1,1,1
355,4,2151,926,45,25,1,1,1,1
355,5,2198,931,31,18,1,1,1,1
356,1,273,942,227,39,1,1,1,1
356,3,1453,927,155,51,1,1,1,1
356,4,2149,926,45,25,1,1,1,1
356,5,2197,931,32,18,1,1,1,1
357,1,265,942,228,39,1,1,1,1
357,3,1458,927,154,51,1,1,1,1
357,4,2148,926,45,25,1,1,1,1
357,5,2196,931,32,18,1,1,1,1
358,1,258,942,229,39,1,1,1,1
358,3,1464,927,154,51,1,1,1,1
358,4,2146,926,45,25,1,1,1,1
358,5,2195,931,32,18,1,1,1,1
359,1,250,942,229,39,1,1,1,1
359,3,1469,927,153,51,1,1,1,1
359,4,2145,926,45,25,1,1,1,1
359,5,2194,931,32,18,1,1,1,1
360,1,242,942,230,39,1,1,1,1
360,3,1475,927,152,50,1,1,1,1
360,4,2143,926,45,25,1,1,1,1
360,5,2193,931,33,18,1,1,1,1
361,1,235,942,231,39,1,1,1,1
361,3,1481,927,152,50,1,1,1,1
361,4,2142,926,46,25,1,1,1,1
361,5,2192,931,33,18,1,1,1,1
362,1,227,942,232,39,1,1,1,1
362,3,1486,927,151,50,1,1,1,1
362,4,2140,926,46,25,1,1,1,1
362,5,2191,931,33,18,1,1,1,1
363,1,219,942,232,39,1,1,1,1
363,3,1492,927,150,50,1,1,1,1
363,4,2139,926,46,25,1,1,1,1
363,5,2190,931,33,18,1,1,1,1
364,1,212,942,233,39,1,1,1,1
364,3,1497,927,150,50,1,1,1,1
364,4,2137,926,46,25,1,1,1,1
364,5,2189,931,33,18,1,1,1,1
365,1,204,942,234,39,1,1,1,1
365,3,1503,927,149,50,1,1,1,1
365,4,2136,926,46,25,1,1,1,1
365,5,2189,931,34,18,1,1,1,1
366,1,196,942,234,39,1,1,1,1
366,3,1508,927,148,50,1,1,1,1
366,4,2134,926,46,25,1,1,1,1
366,5,2188,931,34,18,1,1,1,1
367,1,189,942,235,39,1,1,1,1
367,3,1514,927,148,50,1,1,1,1
367,4,2132,926,47,25,1,1,1,1
367,5,2187,931,34,18,1,1,1,1
368,1,181,942,236,39,1,1,1,1
368,3,1520,927,147,49,1,1,1,1
368,4,2131,926,47,25,1,1,1,1
368,5,2186,931,34,18,1,1,1,1
369,1,173,942,236,39,1,1,1,1
369,3,1525,927,146,49,1,1,1,1
369,4,2129,926,47,25,1,1,1,1
369,5,2185,931,34,18,1,1,1,1
370,1,166,942,237,39,1,1,1,1
370,3,1531,927,146,49,1,1,1,1
370,4,2128,926,47,25,1,1,1,1
370,5,2184,931,35,18,1,1,1,1
371,1,158,942,238,39,1,1,1,1
371,3,1536,927,145,49,1,1,1,1
371,4,2126,926,47,25,1,1,1,1
371,5,2183,931,35,18,1,1,1,1
372,1,150,942,239,39,1,1,1,1
372,3,1542,927,145,49,1,1,1,1
372,4,2125,926,47,25,1,1,1,1
372,5,2182,931,35,18,1,1,1,1
373,1,143,942,239,39,1,1,1,1
373,3,1548,927,144,49,1,1,1,1
373,4,2123,926,47,25,1,1,1,1
373,5,2181,931,35,18,1,1,1,1
374,1,135,942,240,39,1,1,1,1
374,3,1553,927,143,49,1,1,1,1
374,4,2122,926,48,25,1,1,1,1
374,5,2180,931,36,18,1,1,1,1
375,1,126,942,241,39,1,1,1,1
375,3,1559,927,143,49,1,1,1,1
375,4,2120,926,48,25,1,1,1,1
375,5,2179,931,36,18,1,1,1,1
376,1,118,942,242,39,1,1,1,1
376,3,1564,927,142,48,1,1,1,1
376,4,2119,926,48,25,1,1,1,1
376,5,2178,931,36,18,1,1,1,1
377,1,109,942,244,39,1,1,1,1
377,3,1570,927,141,48,1,1,1,1
377,4,2117,926,48,26,1,1,1,1
377,5,2177,931,36,18,1,1,1,1
378,1,100,942,245,39,1,1,1,1
378,3,1575,927,141,48,1,1,1,1
378,4,2115,926,48,26,1,1,1,1
378,5,2176,931,36,18,1,1,1,1
379,1,92,942,246,39,1,1,1,1
379,3,1581,927,140,48,1,1,1,1
379,4,2114,926,48,26,1,1,1,1
379,5,2175,931,36,18,1,1,1,1
380,1,83,942,247,39,1,1,1,1
380,3,1586,927,139,48,1,1,1,1
380,4,2112,926,49,26,1,1,1,1
380,5,2174,931,36,18,1,1,1,1
381,1,74,942,248,39,1,1,1,1
381,3,1591,927,139,48,1,1,1,1
381,4,2111,926,49,26,1,1,1,1
381,5,2172,931,36,18,1,1,1,1
382,1,66,943,250,40,1,1,1,1
382,3,1596,927,138,48,1,1,1,1
382,4,2109,926,49,26,1,1,1,1
382,5,2171,931,37,18,1,1,1,1
383,1,57,943,251,40,1,1,1,1
383,3,1601,927,138,48,1,1,1,1
383,4,2108,926,49,26,1,1,1,1
383,5,2170,931,37,18,1,1,1,1
384,1,48,943,252,40,1,1,1,1
384,3,1606,927,137,47,1,1,1,1
384,4,2106,926,49,26,1,1,1,1
384,5,2169,931,37,18,1,1,1,1
385,1,40,943,253,40,1,1,1,1
385,3,1611,927,137,47,1,1,1,1
385,4,2105,926,49,26,1,1,1,1
385,5,2168,931,37,18,1,1,1,1
386,1,31,943,254,40,1,1,1,1
386,3,1616,927,136,47,1,1,1,1
386,4,2103,926,49,26,1,1,1,1
386,5,2167,931,37,18,1,1,1,1
387,1,22,943,256,40,1,1,1,1
387,3,1621,927,136,47,1,1,1,1
387,4,2101,926,50,26,1,1,1,1
387,5,2166,931,37,18,1,1,1,1
388,1,14,943,257,40,1,1,1,1
388,3,1626,927,135,47,1,1,1,1
388,4,2100,926,50,26,1,1,1,1
388,5,2165,931,37,18,1,1,1,1
389,1,5,943,258,40,1,1,1,1
389,3,1631,927,134,47,1,1,1,1
389,4,2098,926,50,26,1,1,1,1
389,5,2163,931,37,18,1,1,1,1
390,1,3,943,253,40,1,1,1,1
390,3,1636,927,134,47,1,1,1,1
390,4,2097,926,50,26,1,1,1,1
390,5,2162,931,37,18,1,1,1,1
391,1,0,943,247,40,1,1,1,1
391,3,1641,927,133,47,1,1,1,1
391,4,2095,926,50,26,1,1,1,1
391,5,2161,931,37,18,1,1,1,1
392,1,0,943,239,40,1,1,1,1
392,3,1646,927,133,46,1,1,1,1
392,4,2094,926,50,26,1,1,1,1
392,5,2160,931,38,18,1,1,1,1
393,1,0,943,232,40,1,1,1,1
393,3,1651,927,132,46,1,1,1,1
393,4,2092,926,51,26,1,1,1,1
393,5,2159,931,38,18,1,1,1,1
394,1,0,943,224,40,1,1,1,1
394,3,1656,927,132,46,1,1,1,1
394,4,2091,926,51,26,1,1,1,1
394,5,2158,931,38,18,1,1,1,1
395,1,0,943,217,40,1,1,1,1
395,3,1661,927,131,46,1,1,1,1
395,4,2089,926,51,26,1,1,1,1
395,5,2157,931,38,18,1,1,1,1
396,1,0,943,209,40,1,1,1,1
396,3,1665,927,130,46,1,1,1,1
396,4,2088,927,51,26,1,1,1,1
396,5,2156,931,38,18,1,1,1,1
397,1,0,943,201,40,1,1,1,1
397,3,1670,927,130,46,1,1,1,1
397,4,2086,927,51,26,1,1,1,1
397,5,2155,932,38,18,1,1,1,1
398,1,0,943,193,40,1,1,1,1
398,3,1674,927,129,46,1,1,1,1
398,4,2084,927,51,26,1,1,1,1
398,5,2153,932,38,18,1,1,1,1
399,1,0,943,185,40,1,1,1,1
399,3,1679,927,128,46,1,1,1,1
399,4,2083,927,51,26,1,1,1,1
399,5,2152,932,38,18,1,1,1,1
400,1,0,943,177,40,1,1,1,1
400,3,1683,927,127,46,1,1,1,1
400,4,2081,927,52,26,1,1,1,1
400,5,2151,932,38,18,1,1,1,1
401,1,0,943,169,39,1,1,1,1
401,3,1688,927,127,46,1,1,1,1
401,4,2080,927,52,26,1,1,1,1
401,5,2150,932,38,18,1,1,1,1
402,1,0,943,161,39,1,1,1,1
402,3,1692,927,126,46,1,1,1,1
402,4,2078,927,52,26,1,1,1,1
402,5,2149,932,38,18,1,1,1,1
403,1,0,943,153,39,1,1,1,1
403,3,1697,927,125,46,1,1,1,1
403,4,2077,927,52,26,1,1,1,1
403,5,2148,932,39,18,1,1,1,1
404,1,0,943,145,39,1,1,1,1
404,3,1701,927,124,46,1,1,1,1
404,4,2075,927,52,26,1,1,1,1
404,5,2147,932,39,18,1,1,1,1
405,1,0,943,137,39,1,1,1,1
405,3,1706,927,124,45,1,1,1,1
405,4,2074,927,52,26,1,1,1,1
405,5,2146,932,39,18,1,1,1,1
406,1,0,943,128,39,1,1,1,1
406,3,1710,927,123,45,1,1,1,1
406,4,2072,927,53,26,1,1,1,1
406,5,2144,932,39,18,1,1,1,1
407,1,0,943,119,39,1,1,1,1
407,3,1715,927,122,45,1,1,1,1
407,4,2070,927,53,26,1,1,1,1
407,5,2143,932,39,18,1,1,1,1
408,1,0,943,110,39,1,1,1,1
408,3,1719,927,121,45,1,1,1,1
408,4,2069,927,53,26,1,1,1,1
408,5,2142,932,39,18,1,1,1,1
409,1,0,943,101,39,1,1,1,1
409,3,1724,927,121,45,1,1,1,1
409,4,2067,927,53,26,1,1,1,1
409,5,2141,932,39,18,1,1,1,1
410,1,0,943,92,39,1,1,1,1
410,3,1728,927,120,45,1,1,1,1
410,4,2066,927,53,26,1,1,1,1
410,5,2140,932,39,18,1,1,1,1
411,1,0,943,84,39,1,1,1,1
411,3,1733,927,119,45,1,1,1,1
411,4,2064,927,53,26,1,1,1,1
411,5,2139,932,39,18,1,1,1,1
412,1,0,943,75,39,1,1,1,1
412,3,1737,927,118,45,1,1,1,1
412,4,2063,927,53,26,1,1,1,1
412,5,2138,932,39,18,1,1,1,1
413,1,0,943,66,39,1,1,1,1
413,3,1742,927,118,45,1,1,1,1
413,4,2061,927,54,26,1,1,1,1
413,5,2137,932,40,18,1,1,1,1
414,1,0,943,57,39,1,1,1,1
414,3,1746,927,117,45,1,1,1,1
414,4,2060,927,54,26,1,1,1,1
414,5,2135,932,40,18,1,1,1,1
415,1,0,943,48,39,1,1,1,1
415,3,1750,927,117,45,1,1,1,1
415,4,2058,927,54,26,1,1,1,1
415,5,2134,932,40,18,1,1,1,1
416,1,0,943,39,39,1,1,1,1
416,3,1754,927,116,45,1,1,1,1
416,4,2056,927,54,27,1,1,1,1
416,5,2133,932,40,18,1,1,1,1
417,1,0,945,31,37,1,1,1,1
417,3,1758,927,116,45,1,1,1,1
417,4,2055,927,54,27,1,1,1,1
417,5,2132,932,40,18,1,1,1,1
418,1,0,946,23,35,1,1,1,1
418,3,1762,927,115,45,1,1,1,1
418,4,2053,927,54,27,1,1,1,1
418,5,2131,932,40,19,1,1,1,1
419,3,1766,927,115,45,1,1,1,1
419,4,2052,927,55,27,1,1,1,1
419,5,2130,932,40,19,1,1,1,1
420,3,1770,927,115,45,1,1,1,1
420,4,2050,927,55,27,1,1,1,1
420,5,2129,932,40,19,1,1,1,1
421,3,1774,927,114,45,1,1,1,1
421,4,2049,927,55,27,1,1,1,1
421,5,2128,932,40,19,1,1,1,1
422,3,1778,927,114,45,1,1,1,1
422,4,2047,927,55,27,1,1,1,1
422,5,2127,932,40,19,1,1,1,1
423,3,1782,927,114,45,1,1,1,1
423,4,2046,927,55,27,1,1,1,1
423,5,2125,932,40,19,1,1,1,1
424,3,1786,927,113,45,1,1,1,1
424,4,2044,927,55,27,1,1,1,1
424,5,2124,932,41,19,1,1,1,1
425,3,1791,926,113,44,1,1,1,1
425,4,2043,927,55,27,1,1,1,1
425,5,2123,932,41,19,1,1,1,1
426,3,1795,926,112,44,1,1,1,1
426,4,2041,927,56,27,1,1,1,1
426,5,2122,932,41,19,1,1,1,1
427,3,1799,926,112,44,1,1,1,1
427,4,2039,927,56,27,1,1,1,1
427,5,2121,932,41,19,1,1,1,1
428,3,1803,926,112,44,1,1,1,1
428,4,2038,927,56,27,1,1,1,1
428,5,2120,932,41,19,1,1,1,1
429,3,1807,926,111,44,1,1,1,1
429,4,2036,927,56,27,1,1,1,1
429,5,2119,932,41,19,1,1,1,1
430,3,1811,926,111,44,1,1,1,1
430,4,2035,927,56,27,1,1,1,1
430,5,2118,932,41,19,1,1,1,1
431,3,1815,926,111,44,1,1,1,1
431,4,2033,927,56,27,1,1,1,1
431,5,2116,932,41,19,1,1,1,1
432,3,1819,926,110,44,1,1,1,1
432,4,2032,927,57,27,1,1,1,1
432,5,2115,932,41,19,1,1,1,1
433,3,1823,926,110,44,1,1,1,1
433,4,2030,927,57,27,1,1,1,1
433,5,2114,932,41,19,1,1,1,1
434,3,1827,926,109,44,1,1,1,1
434,4,2029,927,57,27,1,1,1,1
434,5,2113,932,42,19,1,1,1,1
435,3,1831,926,109,44,1,1,1,1
435,4,2027,927,57,27,1,1,1,1
435,5,2112,932,42,19,1,1,1,1
436,3,1834,926,109,44,1,1,1,1
436,4,2025,927,57,27,1,1,1,1
436,5,2111,932,42,19,1,1,1,1
437,3,1838,926,108,44,1,1,1,1
437,4,2023,927,57,27,1,1,1,1
437,5,2110,932,42,19,1,1,1,1
438,3,1841,926,108,44,1,1,1,1
438,4,2021,927,57,27,1,1,1,1
438,5,2109,932,42,19,1,1,1,1
439,3,1845,926,107,44,1,1,1,1
439,4,2020,927,58,27,1,1,1,1
439,5,2108,933,42,19,1,1,1,1
440,3,1848,926,107,44,1,1,1,1
440,4,2018,927,58,27,1,1,1,1
440,5,2106,933,42,19,1,1,1,1
441,3,1852,926,106,44,1,1,1,1
441,4,2016,927,58,27,1,1,1,1
441,5,2105,933,42,19,1,1,1,1
442,3,1855,926,106,43,1,1,1,1
442,4,2014,927,58,27,1,1,1,1
442,5,2104,933,42,19,1,1,1,1
443,3,1859,926,105,43,1,1,1,1
443,4,2012,927,58,27,1,1,1,1
443,5,2103,933,42,19,1,1,1,1
444,3,1862,926,105,43,1,1,1,1
444,4,2010,927,58,27,1,1,1,1
444,5,2102,933,42,19,1,1,1,1
445,3,1866,926,105,43,1,1,1,1
445,4,2008,927,59,27,1,1,1,1
445,5,2101,933,43,19,1,1,1,1
446,3,1869,926,104,43,1,1,1,1
446,4,2007,927,59,27,1,1,1,1
446,5,2100,933,43,19,1,1,1,1
447,3,1873,926,104,43,1,1,1,1
447,4,2005,927,59,27,1,1,1,1
447,5,2099,933,43,19,1,1,1,1
448,3,1876,926,103,43,1,1,1,1
448,4,2003,927,59,27,1,1,1,1
448,5,2097,933,43,19,1,1,1,1
449,3,1880,926,103,43,1,1,1,1
449,4,2001,927,59,27,1,1,1,1
449,5,2096,933,43,19,1,1,1,1
450,3,1883,926,102,43,1,1,1,1
450,4,1999,927,59,27,1,1,1,1
450,5,2095,933,43,19,1,1,1,1
451,3,1887,926,102,43,1,1,1,1
451,4,1997,928,60,28,1,1,1,1
451,5,2094,933,43,19,1,1,1,1
452,3,1890,926,102,43,1,1,1,1
452,4,1996,928,60,28,1,1,1,1
452,5,2093,933,43,19,1,1,1,1
453,3,1894,926,101,43,1,1,1,1
453,4,1994,928,60,28,1,1,1,1
453,5,2092,933,43,19,1,1,1,1
454,3,1897,926,101,42,1,1,1,1
454,4,1992,928,60,28,1,1,1,1
454,5,2091,933,43,19,1,1,1,1
455,3,1901,926,100,42,1,1,1,1
455,4,1990,928,60,28,1,1,1,1
455,5,2090,933,44,19,1,1,1,1
456,3,1904,926,100,42,1,1,1,1
456,4,1988,928,60,28,1,1,1,1
456,5,2088,933,44,19,1,1,1,1
457,3,1908,926,99,42,1,1,1,1
457,4,1986,928,61,28,1,1,1,1
457,5,2087,933,44,19,1,1,1,1
458,3,1911,926,99,42,1,1,1,1
458,4,1984,928,61,28,1,1,1,1
458,5,2086,933,44,19,1,1,1,1
459,3,1915,926,98,42,1,1,1,1
459,4,1983,928,61,28,1,1,1,1
459,5,2085,933,44,19,1,1,1,1
460,3,1918,926,98,42,1,1,1,1
460,4,1981,928,61,28,1,1,1,1
460,5,2084,933,44,19,1,1,1,1
461,3,1921,926,98,42,1,1,1,1
461,4,1979,928,61,28,1,1,1,1
461,5,2083,933,44,19,1,1,1,1
462,3,1924,926,97,42,1,1,1,1
462,4,1977,928,61,28,1,1,1,1
462,5,2082,933,44,19,1,1,1,1
463,3,1927,926,97,42,1,1,1,1
463,4,1975,928,62,28,1,1,1,1
463,5,2081,933,44,19,1,1,1,1
464,3,1930,926,97,42,1,1,1,1
464,4,1973,928,62,28,1,1,1,1
464,5,2079,933,44,19,1,1,1,1
465,3,1933,926,97,42,1,1,1,1
465,4,1971,928,62,28,1,1,1,1
465,5,2078,933,43,19,1,1,1,1
466,3,1936,926,96,42,1,1,1,1
466,4,1970,928,62,28,1,1,1,1
466,5,2077,933,43,19,1,1,1,1
467,3,1939,926,96,42,1,1,1,1
467,4,1968,928,62,28,1,1,1,1
467,5,2076,933,43,19,1,1,1,1
468,3,1942,926,96,41,1,1,1,1
468,4,1966,928,62,28,1,1,1,1
468,5,2075,933,43,19,1,1,1,1
469,3,1945,926,96,41,1,1,1,1
469,4,1964,928,63,28,1,1,1,1
469,5,2074,933,43,19,1,1,1,1
470,3,1948,926,95,41,1,1,1,1
470,4,1962,928,63,28,1,1,1,1
470,5,2072,933,43,19,1,1,1,1
471,3,1951,926,95,41,1,1,1,1
471,4,1960,928,63,28,1,1,1,1
471,5,2071,933,43,19,1,1,1,1
472,3,1953,926,95,41,1,1,1,1
472,4,1958,928,63,28,1,1,1,1
472,5,2070,933,43,19,1,1,1,1
473,3,1956,926,95,41,1,1,1,1
473,4,1957,928,63,28,1,1,1,1
473,5,2069,933,43,19,1,1,1,1
474,3,1959,926,94,41,1,1,1,1
474,4,1955,928,63,28,1,1,1,1
474,5,2068,933,42,19,1,1,1,1
475,3,1962,926,94,41,1,1,1,1
475,4,1953,928,64,28,1,1,1,1
475,5,2067,933,42,19,1,1,1,1
476,3,1965,926,94,41,1,1,1,1
476,4,1951,928,64,28,1,1,1,1
476,5,2065,934,42,19,1,1,1,1
477,3,1968,926,93,41,1,1,1,1
477,4,1949,928,64,28,1,1,1,1
477,5,2064,934,42,19,1,1,1,1
478,3,1971,926,93,41,1,1,1,1
478,4,1947,928,64,28,1,1,1,1
478,5,2063,934,42,19,1,1,1,1
479,3,1974,926,93,41,1,1,1,1
479,4,1945,928,64,28,1,1,1,1
479,5,2062,934,42,19,1,1,1,1
480,3,1977,926,93,41,1,1,1,1
480,4,1944,928,64,28,1,1,1,1
480,5,2061,934,42,19,1,1,1,1
481,3,1980,926,92,41,1,1,1,1
481,4,1942,929,65,29,1,1,1,1
481,5,2060,934,42,19,1,1,1,1
482,3,1983,926,92,41,1,1,1,1
482,4,1940,929,65,29,1,1,1,1
482,5,2058,934,42,19,1,1,1,1
483,3,1986,925,92,40,1,1,1,1
483,4,1938,929,65,29,1,1,1,1
483,5,2057,934,41,19,1,1,1,1
484,3,1989,925,92,40,1,1,1,1
484,4,1936,929,65,29,1,1,1,1
484,5,2056,934,41,19,1,1,1,1
485,3,1992,925,91,40,1,1,1,1
485,4,1934,929,65,29,1,1,1,1
485,5,2055,934,41,19,1,1,1,1
486,3,1995,925,91,40,1,1,1,1
486,4,1933,929,65,29,1,1,1,1
486,5,2054,934,41,19,1,1,1,1
487,3,1998,925,91,40,1,1,1,1
487,4,1931,929,66,29,1,1,1,1
487,5,2053,934,41,19,1,1,1,1
488,3,2001,925,91,40,1,1,1,1
488,4,1929,929,66,29,1,1,1,1
488,5,2051,934,41,19,1,1,1,1
489,3,2004,925,90,40,1,1,1,1
489,4,1927,929,66,29,1,1,1,1
489,5,2050,934,41,19,1,1,1,1
490,3,2007,925,90,40,1,1,1,1
490,4,1925,929,66,29,1,1,1,1
490,5,2049,934,41,19,1,1,1,1
491,3,2010,925,90,40,1,1,1,1
491,4,1923,929,66,29,1,1,1,1
491,5,2048,934,41,20,1,1,1,1
492,3,2013,925,89,40,1,1,1,1
492,4,1921,929,66,29,1,1,1,1
492,5,2047,934,40,20,1,1,1,1
493,3,2016,925,89,40,1,1,1,1
493,4,1920,929,67,29,1,1,1,1
493,5,2046,934,40,20,1,1,1,1
494,3,2018,925,89,40,1,1,1,1
494,4,1918,929,67,29,1,1,1,1
494,5,2045,934,40,20,1,1,1,1
495,3,2021,925,89,40,1,1,1,1
495,4,1916,929,67,29,1,1,1,1
495,5,2043,934,40,20,1,1,1,1
496,3,2024,925,88,40,1,1,1,1
496,4,1914,929,67,29,1,1,1,1
496,5,2042,934,40,20,1,1,1,1
497,3,2027,925,88,40,1,1,1,1
497,4,1912,929,67,29,1,1,1,1
497,5,2041,934,40,20,1,1,1,1
498,3,2030,925,88,39,1,1,1,1
498,4,1910,929,67,29,1,1,1,1
498,5,2040,934,40,20,1,1,1,1
499,3,2033,925,88,39,1,1,1,1
499,4,1908,929,67,29,1,1,1,1
499,5,2039,934,40,20,1,1,1,1
500,3,2036,925,87,39,1,1,1,1
500,4,1906,929,67,29,1,1,1,1
500,5,2038,934,39,20,1,1,1,1
501,3,2039,925,87,39,1,1,1,1
501,4,1904,929,67,29,1,1,1,1
501,5,2036,934,39,20,1,1,1,1
502,3,2042,925,87,39,1,1,1,1
502,4,1902,929,66,29,1,1,1,1
502,5,2035,934,39,20,1,1,1,1
503,3,2045,925,87,39,1,1,1,1
503,4,1900,929,66,29,1,1,1,1
503,5,2034,934,39,20,1,1,1,1
504,3,2048,925,86,39,1,1,1,1
504,4,1898,929,66,29,1,1,1,1
504,5,2033,934,39,20,1,1,1,1
505,3,2051,925,86,39,1,1,1,1
505,4,1896,929,66,29,1,1,1,1
505,5,2032,934,39,20,1,1,1,1
506,3,2053,925,86,39,1,1,1,1
506,4,1894,929,66,29,1,1,1,1
506,5,2031,934,39,20,1,1,1,1
507,3,2056,925,86,39,1,1,1,1
507,4,1892,929,66,29,1,1,1,1
507,5,2029,935,39,20,1,1,1,1
508,3,2058,925,85,39,1,1,1,1
508,4,1889,929,66,30,1,1,1,1
508,5,2028,935,39,20,1,1,1,1
509,3,2061,925,85,39,1,1,1,1
509,4,1887,929,66,30,1,1,1,1
509,5,2027,935,38,20,1,1,1,1
510,3,2063,925,85,39,1,1,1,1
510,4,1885,929,66,30,1,1,1,1
510,5,2026,935,38,20,1,1,1,1
511,3,2066,925,85,39,1,1,1,1
511,4,1883,929,66,30,1,1,1,1
511,5,2025,935,38,20,1,1,1,1
512,3,2068,925,84,38,1,1,1,1
512,4,1881,929,66,30,1,1,1,1
512,5,2024,935,38,20,1,1,1,1
513,3,2071,925,84,38,1,1,1,1
513,4,1879,929,66,30,1,1,1,1
513,5,2022,935,38,20,1,1,1,1
514,3,2073,925,84,38,1,1,1,1
514,4,1877,929,65,30,1,1,1,1
514,5,2021,935,38,20,1,1,1,1
515,3,2076,925,84,38,1,1,1,1
515,4,1875,929,65,30,1,1,1,1
515,5,2020,935,38,20,1,1,1,1
516,3,2078,925,83,38,1,1,1,1
516,4,1873,929,65,30,1,1,1,1
516,5,2019,935,38,20,1,1,1,1
517,3,2081,925,83,38,1,1,1,1
517,4,1871,929,65,30,1,1,1,1
517,5,2018,935,38,20,1,1,1,1
518,3,2083,925,83,38,1,1,1,1
518,4,1869,929,65,30,1,1,1,1
518,5,2017,935,37,20,1,1,1,1
519,3,2086,925,83,38,1,1,1,1
519,4,1867,929,65,30,1,1,1,1
519,5,2015,935,37,20,1,1,1,1
520,3,2088,925,82,38,1,1,1,1
520,4,1865,929,65,30,1,1,1,1
520,5,2014,935,37,20,1,1,1,1
521,3,2091,925,82,38,1,1,1,1
521,4,1862,929,66,30,1,1,1,1
521,5,2013,935,37,20,1,1,1,1
522,3,2093,925,82,38,1,1,1,1
522,4,1860,929,66,30,1,1,1,1
522,5,2012,935,37,20,1,1,1,1
523,3,2096,925,82,38,1,1,1,1
523,4,1857,929,66,30,1,1,1,1
523,5,2011,935,37,20,1,1,1,1
524,3,2098,925,82,38,1,1,1,1
524,4,1855,929,67,30,1,1,1,1
524,5,2009,935,37,20,1,1,1,1
525,3,2100,924,81,37,1,1,1,1
525,4,1852,929,67,30,1,1,1,1
525,5,2008,935,37,20,1,1,1,1
526,3,2103,924,81,37,1,1,1,1
526,4,1850,929,67,30,1,1,1,1
526,5,2007,935,38,20,1,1,1,1
527,3,2105,924,81,37,1,1,1,1
527,4,1847,929,68,30,1,1,1,1
527,5,2005,935,38,20,1,1,1,1
528,3,2108,924,81,37,1,1,1,1
528,4,1845,929,68,30,1,1,1,1
528,5,2004,935,38,20,1,1,1,1
529,3,2110,924,80,37,1,1,1,1
529,4,1843,929,69,30,1,1,1,1
529,5,2003,935,38,20,1,1,1,1
530,3,2113,924,80,37,1,1,1,1
530,4,1840,929,69,30,1,1,1,1
530,5,2001,935,38,20,1,1,1,1
531,3,2115,924,80,37,1,1,1,1
531,4,1838,929,69,30,1,1,1,1
531,5,2000,935,38,20,1,1,1,1
532,3,2118,924,80,37,1,1,1,1
532,4,1835,929,70,30,1,1,1,1
532,5,1999,935,39,20,1,1,1,1
533,3,2120,924,79,37,1,1,1,1
533,4,1833,929,70,30,1,1,1,1
533,5,1997,935,39,20,1,1,1,1
534,3,2123,924,79,37,1,1,1,1
534,4,1830,929,70,30,1,1,1,1
534,5,1996,935,39,20,1,1,1,1
535,3,2125,924,79,37,1,1,1,1
535,4,1828,929,71,30,1,1,1,1
535,5,1995,935,39,20,1,1,1,1
536,3,2128,924,79,37,1,1,1,1
536,4,1825,929,71,30,1,1,1,1
536,5,1993,935,39,20,1,1,1,1
537,3,2130,924,78,36,1,1,1,1
537,4,1823,929,71,30,1,1,1,1
537,5,1992,935,39,20,1,1,1,1
538,3,2133,924,78,36,1,1,1,1
538,4,1820,929,72,30,1,1,1,1
538,5,1991,935,40,20,1,1,1,1
539,3,2135,924,78,36,1,1,1,1
539,4,1818,930,72,31,1,1,1,1
539,5,1989,935,40,20,1,1,1,1
540,3,2138,924,78,36,1,1,1,1
540,4,1816,930,72,31,1,1,1,1
540,5,1988,935,40,20,1,1,1,1
541,3,2140,924,77,36,1,1,1,1
541,4,1813,930,73,31,1,1,1,1
541,5,1987,935,40,20,1,1,1,1
542,3,2143,924,77,36,1,1,1,1
542,4,1811,930,73,31,1,1,1,1
542,5,1985,935,40,19,1,1,1,1
543,3,2145,924,77,36,1,1,1,1
543,4,1808,930,73,31,1,1,1,1
543,5,1984,935,40,19,1,1,1,1
544,3,2147,924,77,36,1,1,1,1
544,4,1806,930,74,31,1,1,1,1
544,5,1982,935,40,19,1,1,1,1
545,3,2149,924,76,36,1,1,1,1
545,4,1803,930,74,31,1,1,1,1
545,5,1981,935,41,19,1,1,1,1
546,3,2152,924,76,36,1,1,1,1
546,4,1801,930,74,31,1,1,1,1
546,5,1980,935,41,19,1,1,1,1
547,3,2154,924,76,36,1,1,1,1
547,4,1798,930,75,31,1,1,1,1
547,5,1978,935,41,19,1,1,1,1
548,3,2156,924,75,36,1,1,1,1
548,4,1796,930,75,31,1,1,1,1
548,5,1977,935,41,19,1,1,1,1
549,3,2158,924,75,36,1,1,1,1
549,4,1794,930,76,31,1,1,1,1
549,5,1976,935,41,19,1,1,1,1
550,3,2161,924,74,36,1,1,1,1
550,4,1791,930,76,31,1,1,1,1
550,5,1974,935,41,19,1,1,1,1
551,3,2163,924,74,36,1,1,1,1
551,4,1789,930,76,31,1,1,1,1
551,5,1973,935,42,19,1,1,1,1
552,3,2165,924,74,36,1,1,1,1
552,4,1786,930,77,31,1,1,1,1
552,5,1972,935,42,19,1,1,1,1
553,3,2167,924,73,36,1,1,1,1
553,4,1784,930,77,31,1,1,1,1
553,5,1970,935,42,19,1,1,1,1
554,3,2170,924,73,36,1,1,1,1
554,4,1781,930,77,31,1,1,1,1
554,5,1969,935,42,19,1,1,1,1
555,3,2172,923,73,35,1,1,1,1
555,4,1779,930,78,31,1,1,1,1
555,5,1968,935,42,19,1,1,1,1
556,3,2174,923,72,35,1,1,1,1
556,4,1776,930,78,31,1,1,1,1
556,5,1966,935,42,19,1,1,1,1
557,3,2176,923,72,35,1,1,1,1
557,4,1774,930,78,31,1,1,1,1
557,5,1965,935,43,19,1,1,1,1
558,3,2178,923,72,35,1,1,1,1
558,4,1771,930,79,31,1,1,1,1
558,5,1964,935,43,19,1,1,1,1
559,3,2181,923,71,35,1,1,1,1
559,4,1769,930,79,31,1,1,1,1
559,5,1962,935,43,19,1,1,1,1
560,3,2183,923,71,35,1,1,1,1
560,4,1766,930,79,31,1,1,1,1
560,5,1961,935,43,19,1,1,1,1
561,3,2185,923,70,35,1,1,1,1
561,4,1764,930,79,31,1,1,1,1
561,5,1960,935,43,19,1,1,1,1
562,3,2187,923,70,35,1,1,1,1
562,4,1761,930,79,31,1,1,1,1
562,5,1958,935,43,19,1,1,1,1
563,3,2190,923,70,35,1,1,1,1
563,4,1759,930,79,31,1,1,1,1
563,5,1957,935,43,19,1,1,1,1
564,3,2192,923,69,35,1,1,1,1
564,4,1756,930,80,31,1,1,1,1
564,5,1955,935,43,19,1,1,1,1
565,3,2194,923,69,35,1,1,1,1
565,4,1753,930,80,31,1,1,1,1
565,5,1954,935,43,19,1,1,1,1
566,3,2196,923,69,35,1,1,1,1
566,4,1751,930,80,31,1,1,1,1
566,5,1952,935,44,19,1,1,1,1
567,3,2198,923,69,35,1,1,1,1
567,4,1748,930,80,31,1,1,1,1
567,5,1951,935,44,19,1,1,1,1
568,3,2200,923,68,35,1,1,1,1
568,4,1746,930,80,31,1,1,1,1
568,5,1949,935,44,19,1,1,1,1
569,3,2201,923,68,35,1,1,1,1
569,4,1743,930,80,31,1,1,1,1
569,5,1948,935,44,19,1,1,1,1
570,3,2203,923,68,35,1,1,1,1
570,4,1740,930,80,31,1,1,1,1
570,5,1946,935,44,19,1,1,1,1
571,3,2205,923,68,34,1,1,1,1
571,4,1738,930,80,32,1,1,1,1
571,5,1945,935,44,20,1,1,1,1
572,3,2207,923,68,34,1,1,1,1
572,4,1735,930,80,32,1,1,1,1
572,5,1943,935,44,20,1,1,1,1
573,3,2209,923,68,34,1,1,1,1
573,4,1733,930,81,32,1,1,1,1
573,5,1942,935,44,20,1,1,1,1
574,3,2211,923,67,34,1,1,1,1
574,4,1730,930,81,32,1,1,1,1
574,5,1940,935,44,20,1,1,1,1
575,3,2213,923,67,34,1,1,1,1
575,4,1727,930,81,32,1,1,1,1
575,5,1939,935,44,20,1,1,1,1
576,3,2215,923,67,34,1,1,1,1
576,4,1725,930,81,32,1,1,1,1
576,5,1937,935,44,20,1,1,1,1
577,3,2216,923,67,34,1,1,1,1
577,4,1722,930,81,32,1,1,1,1
577,5,1936,935,45,20,1,1,1,1
578,3,2218,923,67,34,1,1,1,1
578,4,1720,930,81,32,1,1,1,1
578,5,1934,935,45,20,1,1,1,1
579,3,2220,923,67,34,1,1,1,1
579,4,1717,930,81,32,1,1,1,1
579,5,1933,935,45,20,1,1,1,1
580,3,2222,923,66,34,1,1,1,1
580,4,1714,930,81,32,1,1,1,1
580,5,1931,935,45,20,1,1,1,1
581,3,2224,923,66,34,1,1,1,1
581,4,1712,930,81,32,1,1,1,1
581,5,1930,935,45,20,1,1,1,1
582,3,2226,923,66,34,1,1,1,1
582,4,1709,931,82,32,1,1,1,1
582,5,1929,936,45,20,1,1,1,1
583,3,2228,923,66,33,1,1,1,1
583,4,1707,931,82,32,1,1,1,1
583,5,1927,936,45,20,1,1,1,1
584,3,2230,923,66,33,1,1,1,1
584,4,1704,931,82,32,1,1,1,1
584,5,1926,936,45,20,1,1,1,1
585,3,2231,923,66,33,1,1,1,1
585,4,1701,931,82,32,1,1,1,1
585,5,1924,936,45,20,1,1,1,1
586,3,2233,923,65,33,1,1,1,1
586,4,1699,931,82,32,1,1,1,1
586,5,1923,936,45,20,1,1,1,1
587,3,2235,923,65,33,1,1,1,1
587,4,1696,931,82,32,1,1,1,1
587,5,1921,936,45,20,1,1,1,1
588,3,2237,923,65,33,1,1,1,1
588,4,1694,931,82,32,1,1,1,1
588,5,1920,936,46,20,1,1,1,1
589,3,2239,923,65,33,1,1,1,1
589,4,1691,931,82,32,1,1,1,1
589,5,1918,936,46,20,1,1,1,1
590,3,2240,923,65,33,1,1,1,1
590,4,1688,931,82,32,1,1,1,1
590,5,1917,936,46,20,1,1,1,1
591,3,2242,923,65,33,1,1,1,1
591,4,1686,931,83,32,1,1,1,1
591,5,1915,936,46,20,1,1,1,1
592,3,2243,923,64,33,1,1,1,1
592,4,1683,931,83,32,1,1,1,1
592,5,1914,936,46,20,1,1,1,1
593,3,2245,923,64,33,1,1,1,1
593,4,1681,931,83,33,1,1,1,1
593,5,1912,936,46,21,1,1,1,1
594,3,2246,923,64,33,1,1,1,1
594,4,1678,931,83,33,1,1,1,1
594,5,1911,936,46,21,1,1,1,1
595,3,2248,923,64,33,1,1,1,1
595,4,1675,931,83,33,1,1,1,1
595,5,1909,936,46,21,1,1,1,1
596,3,2249,923,64,32,1,1,1,1
596,4,1673,931,83,33,1,1,1,1
596,5,1908,936,46,21,1,1,1,1
597,3,2251,923,64,32,1,1,1,1
597,4,1670,931,83,33,1,1,1,1
597,5,1906,936,46,21,1,1,1,1
598,3,2252,923,64,32,1,1,1,1
598,4,1668,931,83,33,1,1,1,1
598,5,1905,936,46,21,1,1,1,1
599,3,2254,923,63,32,1,1,1,1
599,4,1665,931,83,33,1,1,1,1
599,5,1903,936,47,21,1,1,1,1
600,3,2255,923,63,32,1,1,1,1
600,4,1662,931,84,33,1,1,1,1
600,5,1902,936,47,21,1,1,1,1
601,3,2257,923,63,32,1,1,1,1
601,4,1660,931,84,33,1,1,1,1
601,5,1900,936,47,21,1,1,1,1
602,3,2258,923,63,32,1,1,1,1
602,4,1657,931,84,33,1,1,1,1
602,5,1899,936,47,21,1,1,1,1
603,3,2260,923,63,32,1,1,1,1
603,4,1655,931,84,33,1,1,1,1
603,5,1897,936,47,21,1,1,1,1
604,3,2261,923,63,32,1,1,1,1
604,4,1652,931,84,33,1,1,1,1
604,5,1896,936,47,21,1,1,1,1
605,3,2263,923,63,32,1,1,1,1
605,4,1649,931,84,33,1,1,1,1
605,5,1894,936,47,21,1,1,1,1
606,3,2264,923,62,32,1,1,1,1
606,4,1646,931,84,33,1,1,1,1
606,5,1893,936,47,21,1,1,1,1
607,3,2266,923,62,32,1,1,1,1
607,4,1643,931,85,33,1,1,1,1
607,5,1891,936,47,21,1,1,1,1
608,3,2268,923,62,32,1,1,1,1
608,4,1640,931,85,33,1,1,1,1
608,5,1889,936,47,21,1,1,1,1
609,3,2269,923,62,32,1,1,1,1
609,4,1637,931,85,33,1,1,1,1
609,5,1888,936,48,21,1,1,1,1
610,3,2271,923,62,31,1,1,1,1
610,4,1634,931,85,34,1,1,1,1
610,5,1886,936,48,21,1,1,1,1
611,3,2272,923,62,31,1,1,1,1
611,4,1631,931,86,34,1,1,1,1
611,5,1885,936,48,21,1,1,1,1
612,3,2274,923,62,31,1,1,1,1
612,4,1628,931,86,34,1,1,1,1
612,5,1883,936,48,21,1,1,1,1
613,3,2275,923,61,31,1,1,1,1
613,4,1625,931,86,34,1,1,1,1
613,5,1881,936,48,21,1,1,1,1
614,3,2277,923,61,31,1,1,1,1
614,4,1622,931,86,34,1,1,1,1
614,5,1880,936,48,21,1,1,1,1
615,3,2278,923,61,31,1,1,1,1
615,4,1618,930,87,34,1,1,1,1
615,5,1878,936,48,21,1,1,1,1
616,3,2280,923,61,31,1,1,1,1
616,4,1615,930,87,34,1,1,1,1
616,5,1876,936,48,21,1,1,1,1
617,3,2281,924,61,31,1,1,1,1
617,4,1612,930,87,34,1,1,1,1
617,5,1875,936,49,21,1,1,1,1
618,3,2283,924,61,31,1,1,1,1
618,4,1609,930,87,34,1,1,1,1
618,5,1873,936,49,21,1,1,1,1
619,3,2284,924,61,31,1,1,1,1
619,4,1606,930,88,34,1,1,1,1
619,5,1872,936,49,21,1,1,1,1
620,3,2286,924,61,31,1,1,1,1
620,4,1603,930,88,35,1,1,1,1
620,5,1870,936,49,21,1,1,1,1
621,3,2287,924,60,31,1,1,1,1
621,4,1600,930,88,35,1,1,1,1
621,5,1868,936,49,21,1,1,1,1
622,3,2289,924,60,31,1,1,1,1
622,4,1597,930,88,35,1,1,1,1
622,5,1867,936,49,21,1,1,1,1
623,3,2290,924,60,31,1,1,1,1
623,4,1594,930,89,35,1,1,1,1
623,5,1865,936,49,21,1,1,1,1
624,3,2292,924,60,30,1,1,1,1
624,4,1591,930,89,35,1,1,1,1
624,5,1863,936,49,21,1,1,1,1
625,3,2293,924,60,30,1,1,1,1
625,4,1588,930,89,35,1,1,1,1
625,5,1862,936,49,21,1,1,1,1
626,3,2295,924,60,30,1,1,1,1
626,4,1585,930,89,35,1,1,1,1
626,5,1860,937,50,22,1,1,1,1
627,3,2297,924,60,30,1,1,1,1
627,4,1581,930,90,35,1,1,1,1
627,5,1859,937,50,22,1,1,1,1
628,3,2298,924,59,30,1,1,1,1
628,4,1578,930,90,35,1,1,1,1
628,5,1857,937,50,22,1,1,1,1
629,3,2300,924,59,30,1,1,1,1
629,4,1574,930,90,35,1,1,1,1
629,5,1855,937,50,22,1,1,1,1
630,3,2301,924,59,30,1,1,1,1
630,4,1571,930,91,35,1,1,1,1
630,5,1854,937,50,22,1,1,1,1
631,3,2303,924,59,30,1,1,1,1
631,4,1567,930,91,36,1,1,1,1
631,5,1852,937,50,22,1,1,1,1
632,3,2304,924,59,30,1,1,1,1
632,4,1564,930,91,36,1,1,1,1
632,5,1850,937,50,22,1,1,1,1
633,3,2306,924,59,30,1,1,1,1
633,4,1560,930,92,36,1,1,1,1
633,5,1849,937,50,22,1,1,1,1
634,3,2307,924,59,30,1,1,1,1
634,4,1557,930,92,36,1,1,1,1
634,5,1847,937,50,22,1,1,1,1
635,3,2309,924,58,30,1,1,1,1
635,4,1553,930,93,36,1,1,1,1
635,5,1846,937,51,22,1,1,1,1
636,3,2310,924,58,30,1,1,1,1
636,4,1550,930,93,36,1,1,1,1
636,5,1844,937,51,22,1,1,1,1
637,3,2312,924,58,30,1,1,1,1
637,4,1547,930,93,36,1,1,1,1
637,5,1842,937,51,22,1,1,1,1
638,3,2313,924,58,29,1,1,1,1
638,4,1543,930,94,36,1,1,1,1
638,5,1841,937,51,22,1,1,1,1
639,3,2315,924,58,29,1,1,1,1
639,4,1540,930,94,36,1,1,1,1
639,5,1839,937,51,22,1,1,1,1
640,3,2316,924,58,29,1,1,1,1
640,4,1536,929,94,36,1,1,1,1
640,5,1837,937,51,22,1,1,1,1
641,3,2318,924,58,29,1,1,1,1
641,4,1533,929,95,36,1,1,1,1
641,5,1836,937,51,22,1,1,1,1
642,3,2319,924,57,29,1,1,1,1
642,4,1529,929,95,36,1,1,1,1
642,5,1834,937,51,22,1,1,1,1
643,3,2321,924,57,29,1,1,1,1
643,4,1526,929,95,37,1,1,1,1
643,5,1833,937,52,22,1,1,1,1
644,3,2322,924,57,29,1,1,1,1
644,4,1522,929,96,37,1,1,1,1
644,5,1831,937,52,22,1,1,1,1
645,3,2324,924,57,29,1,1,1,1
645,4,1519,929,96,37,1,1,1,1
645,5,1829,937,52,22,1,1,1,1
646,3,2325,924,57,29,1,1,1,1
646,4,1515,929,96,37,1,1,1,1
646,5,1828,937,52,22,1,1,1,1
647,3,2327,924,57,29,1,1,1,1
647,4,1512,929,97,37,1,1,1,1
647,5,1826,937,52,22,1,1,1,1
648,3,2328,924,57,29,1,1,1,1
648,4,1508,929,97,37,1,1,1,1
648,5,1824,937,52,22,1,1,1,1
648,6,1,909,25,85,1,1,1,1
649,3,2329,924,57,29,1,1,1,1
649,4,1505,929,98,37,1,1,1,1
649,5,1822,937,52,22,1,1,1,1
649,6,1,909,38,85,1,1,1,1
650,3,2331,924,57,29,1,1,1,1
650,4,1502,929,98,37,1,1,1,1
650,5,1821,937,52,22,1,1,1,1
650,6,1,909,52,85,1,1,1,1
651,3,2332,924,57,29,1,1,1,1
651,4,1498,929,98,37,1,1,1,1
651,5,1819,937,52,22,1,1,1,1
651,6,1,909,65,85,1,1,1,1
652,3,2333,924,56,29,1,1,1,1
652,4,1495,929,99,37,1,1,1,1
652,5,1817,937,52,22,1,1,1,1
652,6,1,909,79,85,1,1,1,1
653,3,2334,924,56,29,1,1,1,1
653,4,1491,929,99,37,1,1,1,1
653,5,1815,937,52,22,1,1,1,1
653,6,1,909,92,85,1,1,1,1
654,3,2336,924,56,29,1,1,1,1
654,4,1488,929,99,37,1,1,1,1
654,5,1814,937,52,22,1,1,1,1
654,6,1,909,106,85,1,1,1,1
655,3,2337,924,56,29,1,1,1,1
655,4,1484,929,100,38,1,1,1,1
655,5,1812,937,52,22,1,1,1,1
655,6,1,909,119,85,1,1,1,1
656,3,2338,924,56,29,1,1,1,1
656,4,1481,929,100,38,1,1,1,1
656,5,1810,937,52,22,1,1,1,1
656,6,1,909,133,85,1,1,1,1
657,3,2340,924,56,29,1,1,1,1
657,4,1477,929,100,38,1,1,1,1
657,5,1808,937,52,22,1,1,1,1
657,6,1,909,146,85,1,1,1,1
658,3,2341,924,56,29,1,1,1,1
658,4,1474,929,101,38,1,1,1,1
658,5,1806,937,53,22,1,1,1,1
658,6,1,909,160,85,1,1,1,1
659,3,2342,924,56,29,1,1,1,1
659,4,1470,929,101,38,1,1,1,1
659,5,1805,937,53,22,1,1,1,1
659,6,1,909,173,85,1,1,1,1
660,3,2344,924,56,29,1,1,1,1
660,4,1467,929,101,38,1,1,1,1
660,5,1803,937,53,22,1,1,1,1
660,6,1,909,187,85,1,1,1,1
661,3,2345,924,56,29,1,1,1,1
661,4,1464,929,102,38,1,1,1,1
661,5,1801,937,53,22,1,1,1,1
661,6,1,909,200,85,1,1,1,1
662,3,2346,924,56,29,1,1,1,1
662,4,1460,929,102,38,1,1,1,1
662,5,1799,937,53,22,1,1,1,1
662,6,1,909,214,85,1,1,1,1
663,3,2348,924,56,29,1,1,1,1
663,4,1457,929,103,38,1,1,1,1
663,5,1797,937,53,22,1,1,1,1
663,6,0,909,227,84,1,1,1,1
664,3,2349,924,55,28,1,1,1,1
664,4,1453,929,103,38,1,1,1,1
664,5,1796,937,53,22,1,1,1,1
664,6,0,909,240,84,1,1,1,1
665,3,2350,924,55,28,1,1,1,1
665,4,1450,929,103,38,1,1,1,1
665,5,1794,937,53,22,1,1,1,1
665,6,0,909,254,84,1,1,1,1
666,3,2351,924,55,28,1,1,1,1
666,4,1446,929,104,38,1,1,1,1
666,5,1792,937,53,22,1,1,1,1
666,6,0,909,267,84,1,1,1,1
667,3,2353,924,55,28,1,1,1,1
667,4,1443,929,104,39,1,1,1,1
667,5,1790,937,53,22,1,1,1,1
667,6,0,909,281,84,1,1,1,1
668,3,2354,924,55,28,1,1,1,1
668,4,1439,929,104,39,1,1,1,1
668,5,1789,938,53,23,1,1,1,1
668,6,0,909,294,84,1,1,1,1
669,3,2355,924,55,28,1,1,1,1
669,4,1436,929,105,39,1,1,1,1
669,5,1787,938,53,23,1,1,1,1
669,6,0,909,308,84,1,1,1,1
670,3,2357,924,55,28,1,1,1,1
670,4,1432,928,105,39,1,1,1,1
670,5,1785,938,53,23,1,1,1,1
670,6,0,909,321,84,1,1,1,1
671,3,2358,924,55,28,1,1,1,1
671,4,1429,928,105,39,1,1,1,1
671,5,1783,938,53,23,1,1,1,1
671,6,0,909,335,84,1,1,1,1
672,3,2359,924,55,28,1,1,1,1
672,4,1425,928,106,39,1,1,1,1
672,5,1781,938,53,23,1,1,1,1
672,6,0,909,348,84,1,1,1,1
673,3,2361,924,55,28,1,1,1,1
673,4,1422,928,106,39,1,1,1,1
673,5,1780,938,53,23,1,1,1,1
673,6,0,909,362,84,1,1,1,1
674,3,2362,924,55,28,1,1,1,1
674,4,1419,928,106,39,1,1,1,1
674,5,1778,938,53,23,1,1,1,1
674,6,0,909,375,84,1,1,1,1
675,3,2363,924,55,28,1,1,1,1
675,4,1415,928,107,39,1,1,1,1
675,5,1776,938,53,23,1,1,1,1
675,6,0,909,389,84,1,1,1,1
676,3,2364,924,54,28,1,1,1,1
676,4,1412,928,107,39,1,1,1,1
676,5,1774,938,53,23,1,1,1,1
676,6,0,909,402,84,1,1,1,1
677,3,2366,924,54,28,1,1,1,1
677,4,1408,928,108,39,1,1,1,1
677,5,1772,938,53,23,1,1,1,1
677,6,10,909,405,84,1,1,1,1
678,3,2367,924,54,28,1,1,1,1
678,4,1405,928,108,39,1,1,1,1
678,5,1771,938,53,23,1,1,1,1
678,6,23,909,403,84,1,1,1,1
679,3,2368,924,54,28,1,1,1,1
679,4,1401,928,108,40,1,1,1,1
679,5,1769,938,54,23,1,1,1,1
679,6,36,909,400,83,1,1,1,1
680,3,2370,924,54,28,1,1,1,1
680,4,1398,928,109,40,1,1,1,1
680,5,1767,938,54,23,1,1,1,1
680,6,49,910,398,83,1,1,1,1
681,3,2371,924,54,28,1,1,1,1
681,4,1394,928,109,40,1,1,1,1
681,5,1765,938,54,23,1,1,1,1
681,6,62,910,396,83,1,1,1,1
682,3,2372,924,54,28,1,1,1,1
682,4,1391,928,109,40,1,1,1,1
682,5,1764,938,54,23,1,1,1,1
682,6,75,910,394,83,1,1,1,1
683,3,2374,924,54,28,1,1,1,1
683,4,1387,928,110,40,1,1,1,1
683,5,1762,938,54,23,1,1,1,1
683,6,88,910,391,82,1,1,1,1
684,3,2375,924,54,28,1,1,1,1
684,4,1384,928,110,40,1,1,1,1
684,5,1760,938,54,23,1,1,1,1
684,6,102,910,389,82,1,1,1,1
685,3,2376,924,54,28,1,1,1,1
685,4,1380,928,110,40,1,1,1,1
685,5,1758,938,54,23,1,1,1,1
685,6,115,910,387,82,1,1,1,1
686,3,2378,924,54,28,1,1,1,1
686,4,1375,928,111,40,1,1,1,1
686,5,1756,938,54,23,1,1,1,1
686,6,128,911,384,82,1,1,1,1
687,3,2379,924,54,28,1,1,1,1
687,4,1371,928,111,40,1,1,1,1
687,5,1755,938,54,23,1,1,1,1
687,6,141,911,382,81,1,1,1,1
688,3,2380,924,54,28,1,1,1,1
688,4,1367,928,112,40,1,1,1,1
688,5,1753,938,54,23,1,1,1,1
688,6,154,911,380,81,1,1,1,1
689,3,2382,924,54,28,1,1,1,1
689,4,1362,928,112,40,1,1,1,1
689,5,1751,938,54,23,1,1,1,1
689,6,167,911,377,81,1,1,1,1
690,3,2383,924,53,28,1,1,1,1
690,4,1358,928,113,40,1,1,1,1
690,5,1750,938,54,23,1,1,1,1
690,6,180,911,375,81,1,1,1,1
691,3,2384,924,53,28,1,1,1,1
691,4,1354,928,113,41,1,1,1,1
691,5,1748,938,54,23,1,1,1,1
691,6,193,912,373,80,1,1,1,1
692,3,2385,924,53,28,1,1,1,1
692,4,1349,928,114,41,1,1,1,1
692,5,1747,938,55,23,1,1,1,1
692,6,206,912,371,80,1,1,1,1
693,3,2387,924,53,28,1,1,1,1
693,4,1345,928,114,41,1,1,1,1
693,5,1745,938,55,23,1,1,1,1
693,6,219,912,368,80,1,1,1,1
694,3,2388,924,53,28,1,1,1,1
694,4,1341,928,114,41,1,1,1,1
694,5,1744,938,55,23,1,1,1,1
694,6,232,912,366,80,1,1,1,1
695,3,2389,924,53,27,1,1,1,1
695,4,1336,928,115,41,1,1,1,1
695,5,1742,938,55,23,1,1,1,1
695,6,245,912,364,79,1,1,1,1
696,3,2391,924,53,27,1,1,1,1
696,4,1332,928,115,41,1,1,1,1
696,5,1740,938,55,23,1,1,1,1
696,6,258,913,361,79,1,1,1,1
697,3,2392,924,53,27,1,1,1,1
697,4,1328,928,116,41,1,1,1,1
697,5,1738,938,55,23,1,1,1,1
697,6,271,913,359,79,1,1,1,1
698,3,2393,924,53,27,1,1,1,1
698,4,1323,928,116,41,1,1,1,1
698,5,1736,938,55,23,1,1,1,1
698,6,285,913,357,79,1,1,1,1
699,3,2395,924,53,27,1,1,1,1
699,4,1319,928,117,41,1,1,1,1
699,5,1734,938,56,23,1,1,1,1
699,6,298,913,354,78,1,1,1,1
700,3,2396,924,53,27,1,1,1,1
700,4,1315,928,117,41,1,1,1,1
700,5,1732,938,56,23,1,1,1,1
700,6,311,913,352,78,1,1,1,1
701,3,2397,924,53,27,1,1,1,1
701,4,1310,928,118,41,1,1,1,1
701,5,1730,938,56,23,1,1,1,1
701,6,324,913,350,78,1,1,1,1
702,3,2399,923,53,27,1,1,1,1
702,4,1306,928,118,41,1,1,1,1
702,5,1727,938,56,23,1,1,1,1
702,6,337,914,348,78,1,1,1,1
703,3,2400,923,53,27,1,1,1,1
703,4,1302,928,119,42,1,1,1,1
703,5,1725,938,56,24,1,1,1,1
703,6,350,914,345,77,1,1,1,1
704,3,2401,923,53,27,1,1,1,1
704,4,1297,927,119,42,1,1,1,1
704,5,1723,938,56,24,1,1,1,1
704,6,363,914,343,77,1,1,1,1
705,3,2403,923,53,27,1,1,1,1
705,4,1293,927,119,42,1,1,1,1
705,5,1721,938,57,24,1,1,1,1
705,6,374,914,341,77,1,1,1,1
706,3,2404,923,52,27,1,1,1,1
706,4,1288,927,120,42,1,1,1,1
706,5,1719,938,57,24,1,1,1,1
706,6,386,914,340,76,1,1,1,1
707,3,2405,923,52,27,1,1,1,1
707,4,1284,927,120,42,1,1,1,1
707,5,1717,938,57,24,1,1,1,1
707,6,397,915,338,76,1,1,1,1
708,3,2407,923,52,27,1,1,1,1
708,4,1280,927,121,42,1,1,1,1
708,5,1715,938,57,24,1,1,1,1
708,6,408,915,337,76,1,1,1,1
709,3,2408,923,52,27,1,1,1,1
709,4,1275,927,121,42,1,1,1,1
709,5,1713,938,57,24,1,1,1,1
709,6,419,915,335,76,1,1,1,1
710,3,2409,923,52,27,1,1,1,1
710,4,1271,927,122,42,1,1,1,1
710,5,1711,938,57,24,1,1,1,1
710,6,431,915,334,75,1,1,1,1
711,3,2411,923,52,27,1,1,1,1
711,4,1267,927,122,42,1,1,1,1
711,5,1709,938,57,24,1,1,1,1
711,6,442,916,332,75,1,1,1,1
712,3,2412,923,52,27,1,1,1,1
712,4,1262,927,123,42,1,1,1,1
712,5,1707,938,58,24,1,1,1,1
712,6,453,916,330,75,1,1,1,1
713,3,2413,923,52,27,1,1,1,1
713,4,1258,927,123,42,1,1,1,1
713,5,1705,938,58,24,1,1,1,1
713,6,465,916,329,74,1,1,1,1
714,3,2414,923,52,27,1,1,1,1
714,4,1254,927,123,42,1,1,1,1
714,5,1702,938,58,24,1,1,1,1
714,6,476,916,327,74,1,1,1,1
715,3,2416,923,52,27,1,1,1,1
715,4,1249,927,124,42,1,1,1,1
715,5,1700,938,58,24,1,1,1,1
715,6,487,916,326,74,1,1,1,1
716,3,2417,923,52,27,1,1,1,1
716,4,1245,927,124,43,1,1,1,1
716,5,1698,938,58,24,1,1,1,1
716,6,498,917,324,74,1,1,1,1
717,3,2418,923,52,27,1,1,1,1
717,4,1241,927,125,43,1,1,1,1
717,5,1696,938,58,24,1,1,1,1
717,6,510,917,323,73,1,1,1,1
718,3,2420,923,52,27,1,1,1,1
718,4,1236,927,125,43,1,1,1,1
718,5,1694,938,58,25,1,1,1,1
718,6,521,917,321,73,1,1,1,1
719,3,2421,923,52,27,1,1,1,1
719,4,1232,927,126,43,1,1,1,1
719,5,1692,938,59,25,1,1,1,1
719,6,532,917,320,73,1,1,1,1
720,3,2422,923,52,27,1,1,1,1
720,4,1228,927,126,43,1,1,1,1
720,5,1690,938,59,25,1,1,1,1
720,6,542,917,318,73,1,1,1,1
721,3,2424,923,52,27,1,1,1,1
721,4,1223,927,127,43,1,1,1,1
721,5,1688,938,59,25,1,1,1,1
721,6,553,918,317,72,1,1,1,1
722,3,2425,923,52,27,1,1,1,1
722,4,1219,927,127,43,1,1,1,1
722,5,1686,938,59,25,1,1,1,1
722,6,563,918,316,72,1,1,1,1
723,3,2426,923,51,26,1,1,1,1
723,4,1214,927,127,43,1,1,1,1
723,5,1684,938,59,25,1,1,1,1
723,6,574,918,314,72,1,1,1,1
724,3,2428,923,51,26,1,1,1,1
724,4,1210,927,127,43,1,1,1,1
724,5,1682,938,59,25,1,1,1,1
724,6,584,918,313,72,1,1,1,1
725,3,2429,923,51,26,1,1,1,1
725,4,1205,927,128,43,1,1,1,1
725,5,1680,938,60,25,1,1,1,1
725,6,595,919,312,71,1,1,1,1
726,3,2430,923,51,26,1,1,1,1
726,4,1201,927,128,43,1,1,1,1
726,5,1677,937,60,25,1,1,1,1
726,6,605,919,310,71,1,1,1,1
727,3,2432,923,51,26,1,1,1,1
727,4,1196,927,128,43,1,1,1,1
727,5,1675,937,60,25,1,1,1,1
727,6,616,919,309,71,1,1,1,1
728,3,2433,923,51,26,1,1,1,1
728,4,1192,927,128,44,1,1,1,1
728,5,1673,937,60,25,1,1,1,1
728,6,625,919,307,71,1,1,1,1
729,3,2434,923,51,26,1,1,1,1
729,4,1187,927,128,44,1,1,1,1
729,5,1671,937,60,25,1,1,1,1
729,6,635,919,305,71,1,1,1,1
730,3,2436,923,51,26,1,1,1,1
730,4,1183,927,128,44,1,1,1,1
730,5,1669,937,60,25,1,1,1,1
730,6,644,919,303,70,1,1,1,1
731,3,2437,923,51,26,1,1,1,1
731,4,1178,927,129,44,1,1,1,1
731,5,1667,937,60,25,1,1,1,1
731,6,654,919,301,70,1,1,1,1
732,3,2438,923,51,26,1,1,1,1
732,4,1174,927,129,44,1,1,1,1
732,5,1665,937,61,25,1,1,1,1
732,6,663,919,299,70,1,1,1,1
733,3,2439,923,51,26,1,1,1,1
733,4,1169,927,129,44,1,1,1,1
733,5,1663,937,61,26,1,1,1,1
733,6,673,919,297,70,1,1,1,1
734,3,2441,923,51,26,1,1,1,1
734,4,1164,927,130,44,1,1,1,1
734,5,1661,937,61,26,1,1,1,1
734,6,682,919,295,69,1,1,1,1
735,3,2442,923,51,26,1,1,1,1
735,4,1159,927,130,44,1,1,1,1
735,5,1659,937,61,26,1,1,1,1
735,6,692,919,293,69,1,1,1,1
736,3,2443,923,51,26,1,1,1,1
736,4,1154,927,131,44,1,1,1,1
736,5,1657,937,61,26,1,1,1,1
736,6,701,919,291,69,1,1,1,1
737,3,2445,923,51,26,1,1,1,1
737,4,1149,928,131,44,1,1,1,1
737,5,1655,937,61,26,1,1,1,1
737,6,710,919,289,69,1,1,1,1
738,3,2446,923,51,26,1,1,1,1
738,4,1144,928,132,44,1,1,1,1
738,5,1652,937,61,26,1,1,1,1
738,6,720,919,287,69,1,1,1,1
739,3,2447,923,50,26,1,1,1,1
739,4,1139,928,132,44,1,1,1,1
739,5,1650,937,62,26,1,1,1,1
739,6,729,919,285,68,1,1,1,1
740,3,2449,923,50,26,1,1,1,1
740,4,1134,928,133,44,1,1,1,1
740,5,1648,937,62,26,1,1,1,1
740,6,739,919,283,68,1,1,1,1
741,3,2450,923,50,26,1,1,1,1
741,4,1130,928,133,44,1,1,1,1
741,5,1646,937,62,26,1,1,1,1
741,6,748,920,280,68,1,1,1,1
742,3,2451,923,50,26,1,1,1,1
742,4,1125,928,134,43,1,1,1,1
742,5,1644,937,62,26,1,1,1,1
742,6,758,920,278,68,1,1,1,1
743,3,2453,922,50,26,1,1,1,1
743,4,1120,928,134,43,1,1,1,1
743,5,1642,937,62,26,1,1,1,1
743,6,767,920,276,67,1,1,1,1
744,3,2454,922,50,26,1,1,1,1
744,4,1115,928,135,43,1,1,1,1
744,5,1640,937,62,26,1,1,1,1
744,6,777,920,274,67,1,1,1,1
745,3,2455,922,50,26,1,1,1,1
745,4,1110,929,135,43,1,1,1,1
745,5,1638,937,63,26,1,1,1,1
745,6,786,920,272,67,1,1,1,1
746,3,2457,922,50,26,1,1,1,1
746,4,1105,929,136,43,1,1,1,1
746,5,1636,937,63,26,1,1,1,1
746,6,795,920,270,67,1,1,1,1
747,3,2458,922,50,26,1,1,1,1
747,4,1100,929,136,43,1,1,1,1
747,5,1634,937,63,26,1,1,1,1
747,6,805,920,268,67,1,1,1,1
748,3,2459,922,50,26,1,1,1,1
748,4,1095,929,137,43,1,1,1,1
748,5,1632,937,63,27,1,1,1,1
748,6,814,920,266,66,1,1,1,1
749,3,2461,922,50,26,1,1,1,1
749,4,1090,929,137,43,1,1,1,1
749,5,1630,937,63,27,1,1,1,1
749,6,824,920,264,66,1,1,1,1
750,3,2462,922,50,25,1,1,1,1
750,4,1084,929,138,43,1,1,1,1
750,5,1627,937,63,27,1,1,1,1
750,6,833,920,262,66,1,1,1,1
751,3,2463,922,50,25,1,1,1,1
751,4,1079,929,138,43,1,1,1,1
751,5,1625,937,63,27,1,1,1,1
751,6,843,920,260,66,1,1,1,1
752,3,2465,922,50,25,1,1,1,1
752,4,1073,929,139,43,1,1,1,1
752,5,1623,937,64,27,1,1,1,1
752,6,852,920,258,65,1,1,1,1
753,3,2466,922,50,25,1,1,1,1
753,4,1068,929,139,43,1,1,1,1
753,5,1621,937,64,27,1,1,1,1
753,6,862,920,256,65,1,1,1,1
754,3,2467,922,50,25,1,1,1,1
754,4,1062,929,140,43,1,1,1,1
754,5,1619,937,64,27,1,1,1,1
754,6,871,920,254,65,1,1,1,1
755,3,2468,922,49,25,1,1,1,1
755,4,1056,930,140,43,1,1,1,1
755,5,1617,937,64,27,1,1,1,1
755,6,879,920,253,65,1,1,1,1
756,3,2470,922,49,25,1,1,1,1
756,4,1051,930,141,43,1,1,1,1
756,5,1615,937,64,27,1,1,1,1
756,6,888,920,252,65,1,1,1,1
757,3,2471,922,49,25,1,1,1,1
757,4,1045,930,141,43,1,1,1,1
757,5,1612,937,65,27,1,1,1,1
757,6,896,920,251,64,1,1,1,1
758,3,2472,922,49,25,1,1,1,1
758,4,1040,930,142,42,1,1,1,1
758,5,1610,937,65,27,1,1,1,1
758,6,905,920,250,64,1,1,1,1
759,3,2474,922,49,25,1,1,1,1
759,4,1034,930,142,42,1,1,1,1
759,5,1607,937,65,27,1,1,1,1
759,6,913,920,249,64,1,1,1,1
760,3,2475,922,49,25,1,1,1,1
760,4,1028,930,143,42,1,1,1,1
760,5,1605,937,65,27,1,1,1,1
760,6,922,921,248,64,1,1,1,1
761,3,2476,922,49,25,1,1,1,1
761,4,1023,930,143,42,1,1,1,1
761,5,1602,937,66,27,1,1,1,1
761,6,930,921,247,64,1,1,1,1
762,3,2478,922,49,25,1,1,1,1
762,4,1017,930,144,42,1,1,1,1
762,5,1600,937,66,27,1,1,1,1
762,6,939,921,246,64,1,1,1,1
763,3,2479,922,49,25,1,1,1,1
763,4,1012,930,144,42,1,1,1,1
763,5,1597,937,66,27,1,1,1,1
763,6,947,921,245,63,1,1,1,1
764,3,2480,922,49,25,1,1,1,1
764,4,1006,930,145,42,1,1,1,1
764,5,1595,937,66,27,1,1,1,1
764,6,956,921,244,63,1,1,1,1
765,3,2481,922,49,25,1,1,1,1
765,4,1001,931,145,42,1,1,1,1
765,5,1592,937,67,27,1,1,1,1
765,6,964,921,243,63,1,1,1,1
766,3,2482,922,49,25,1,1,1,1
766,4,995,931,146,42,1,1,1,1
766,5,1590,937,67,27,1,1,1,1
766,6,972,921,242,63,1,1,1,1
767,3,2483,921,49,26,1,1,1,1
767,4,989,931,146,42,1,1,1,1
767,5,1587,937,67,27,1,1,1,1
767,6,979,921,241,63,1,1,1,1
768,3,2484,921,49,26,1,1,1,1
768,4,984,931,147,42,1,1,1,1
768,5,1585,938,68,27,1,1,1,1
768,6,987,921,240,62,1,1,1,1
769,3,2485,921,49,26,1,1,1,1
769,4,978,931,147,42,1,1,1,1
769,5,1583,938,68,27,1,1,1,1
769,6,995,921,239,62,1,1,1,1
770,3,2487,921,50,26,1,1,1,1
770,4,973,931,148,42,1,1,1,1
770,5,1580,938,68,27,1,1,1,1
770,6,1002,921,237,62,1,1,1,1
771,3,2488,921,50,26,1,1,1,1
771,4,967,931,148,42,1,1,1,1
771,5,1578,938,68,27,1,1,1,1
771,6,1010,921,236,62,1,1,1,1
772,3,2489,921,50,26,1,1,1,1
772,4,961,931,149,42,1,1,1,1
772,5,1575,938,69,27,1,1,1,1
772,6,1017,921,235,61,1,1,1,1
773,3,2490,921,50,26,1,1,1,1
773,4,956,931,149,42,1,1,1,1
773,5,1573,938,69,27,1,1,1,1
773,6,1025,922,234,61,1,1,1,1
774,3,2491,920,50,27,1,1,1,1
774,4,950,931,150,41,1,1,1,1
774,5,1570,938,69,27,1,1,1,1
774,6,1033,922,233,61,1,1,1,1
775,3,2492,920,50,27,1,1,1,1
775,4,945,931,150,41,1,1,1,1
775,5,1568,938,69,27,1,1,1,1
775,6,1040,922,232,61,1,1,1,1
776,3,2493,920,50,27,1,1,1,1
776,4,939,932,151,41,1,1,1,1
776,5,1565,938,70,27,1,1,1,1
776,6,1048,922,231,60,1,1,1,1
777,3,2494,920,50,27,1,1,1,1
777,4,933,932,151,41,1,1,1,1
777,5,1563,938,70,27,1,1,1,1
777,6,1056,922,230,60,1,1,1,1
778,3,2496,920,48,27,1,1,1,1
778,4,928,932,152,41,1,1,1,1
778,5,1560,938,70,27,1,1,1,1
778,6,1063,922,228,60,1,1,1,1
779,3,2498,921,45,26,1,1,1,1
779,4,922,932,152,41,1,1,1,1
779,5,1558,938,70,27,1,1,1,1
779,6,1071,922,227,60,1,1,1,1
780,3,2499,921,43,26,1,1,1,1
780,4,917,932,153,41,1,1,1,1
780,5,1555,938,71,27,1,1,1,1
780,6,1078,922,226,59,1,1,1,1
781,3,2501,921,40,25,1,1,1,1
781,4,911,932,153,41,1,1,1,1
781,5,1553,938,71,27,1,1,1,1
781,6,1086,922,225,59,1,1,1,1
