0,0,2220,931,54,27,1,1,1,1
0,0,1741,938,85,23,1,1,1,1
0,0,2395,924,66,26,1,1,1,1
1,0,2221,931,54,27,1,1,1,1
1,0,1739,938,85,23,1,1,1,1
1,0,2396,924,66,26,1,1,1,1
2,0,2222,931,54,27,1,1,1,1
2,0,1736,938,85,23,1,1,1,1
2,0,2396,924,66,26,1,1,1,1
3,0,2223,931,54,27,1,1,1,1
3,0,1734,938,86,23,1,1,1,1
3,0,2397,924,66,26,1,1,1,1
4,0,2224,931,54,27,1,1,1,1
4,0,1732,938,86,23,1,1,1,1
4,0,2397,924,66,26,1,1,1,1
5,0,2225,931,54,27,1,1,1,1
5,0,1729,938,86,23,1,1,1,1
5,0,2398,924,66,26,1,1,1,1
6,0,2226,931,54,27,1,1,1,1
6,0,1727,938,86,23,1,1,1,1
6,0,2398,924,66,26,1,1,1,1
7,0,2227,931,54,27,1,1,1,1
7,0,1724,938,87,23,1,1,1,1
7,0,2399,924,66,26,1,1,1,1
8,0,2228,931,54,27,1,1,1,1
8,0,1722,938,87,23,1,1,1,1
8,0,2399,924,66,26,1,1,1,1
9,0,2229,931,54,27,1,1,1,1
9,0,1720,938,87,24,1,1,1,1
9,0,2400,924,66,26,1,1,1,1
10,0,2230,931,54,26,1,1,1,1
10,0,1717,938,87,24,1,1,1,1
10,0,2400,924,66,26,1,1,1,1
11,0,2231,931,54,26,1,1,1,1
11,0,1715,938,87,24,1,1,1,1
11,0,2401,924,66,26,1,1,1,1
12,0,2232,931,54,26,1,1,1,1
12,0,1713,938,88,24,1,1,1,1
12,0,2401,924,65,26,1,1,1,1
13,0,2233,931,54,26,1,1,1,1
13,0,1710,938,88,24,1,1,1,1
13,0,2402,924,65,26,1,1,1,1
14,0,2234,931,54,26,1,1,1,1
14,0,1708,938,88,24,1,1,1,1
14,0,2403,924,65,26,1,1,1,1
15,0,2235,931,54,26,1,1,1,1
15,0,1706,938,88,24,1,1,1,1
15,0,2403,924,65,26,1,1,1,1
16,0,2236,931,54,26,1,1,1,1
16,0,1703,938,89,24,1,1,1,1
16,0,2404,924,65,26,1,1,1,1
17,0,2237,931,54,26,1,1,1,1
17,0,1701,938,89,24,1,1,1,1
17,0,2404,924,65,26,1,1,1,1
18,0,2238,931,54,26,1,1,1,1
18,0,1699,939,89,24,1,1,1,1
18,0,2405,924,65,26,1,1,1,1
19,0,2240,931,54,26,1,1,1,1
19,0,1696,939,89,24,1,1,1,1
19,0,2405,924,65,26,1,1,1,1
20,0,2241,930,53,26,1,1,1,1
20,0,1694,939,89,24,1,1,1,1
20,0,2406,924,65,26,1,1,1,1
21,0,2242,930,53,26,1,1,1,1
21,0,1691,939,90,24,1,1,1,1
21,0,2406,924,65,26,1,1,1,1
22,0,2243,930,53,26,1,1,1,1
22,0,1689,939,90,24,1,1,1,1
22,0,2407,924,65,26,1,1,1,1
23,0,2244,930,53,26,1,1,1,1
23,0,1687,939,90,24,1,1,1,1
23,0,2407,924,65,26,1,1,1,1
24,0,2245,930,53,26,1,1,1,1
24,0,1684,939,90,24,1,1,1,1
24,0,2408,924,65,26,1,1,1,1
25,0,2246,930,53,26,1,1,1,1
25,0,1682,939,91,24,1,1,1,1
25,0,2409,924,65,26,1,1,1,1
26,0,2247,930,53,26,1,1,1,1
26,0,1680,939,91,24,1,1,1,1
26,0,2409,924,65,26,1,1,1,1
27,0,2248,930,53,26,1,1,1,1
27,0,1677,939,91,25,1,1,1,1
27,0,2410,924,65,26,1,1,1,1
28,0,2249,930,53,26,1,1,1,1
28,0,1675,939,91,25,1,1,1,1
28,0,2410,924,65,26,1,1,1,1
29,0,2250,930,53,25,1,1,1,1
29,0,1673,939,91,25,1,1,1,1
29,0,2411,924,65,26,1,1,1,1
30,0,2251,930,53,25,1,1,1,1
30,0,1670,939,92,25,1,1,1,1
30,0,2411,924,65,26,1,1,1,1
31,0,2252,930,53,25,1,1,1,1
31,0,1668,939,92,25,1,1,1,1
31,0,2412,924,65,26,1,1,1,1
32,0,2253,930,53,25,1,1,1,1
32,0,1665,939,92,25,1,1,1,1
32,0,2412,924,65,26,1,1,1,1
33,0,2254,930,53,25,1,1,1,1
33,0,1663,939,92,25,1,1,1,1
33,0,2413,924,65,26,1,1,1,1
34,0,2255,930,53,25,1,1,1,1
34,0,1661,939,93,25,1,1,1,1
34,0,2413,924,64,26,1,1,1,1
35,0,2256,930,53,25,1,1,1,1
35,0,1658,939,93,25,1,1,1,1
35,0,2414,924,64,26,1,1,1,1
36,0,2257,930,53,25,1,1,1,1
36,0,1656,939,93,25,1,1,1,1
36,0,2414,924,64,26,1,1,1,1
37,0,2258,930,53,25,1,1,1,1
37,0,1653,939,93,25,1,1,1,1
37,0,2415,924,64,26,1,1,1,1
38,0,2259,930,53,25,1,1,1,1
38,0,1651,939,93,25,1,1,1,1
38,0,2416,924,64,26,1,1,1,1
39,0,2260,930,53,25,1,1,1,1
39,0,1648,939,94,25,1,1,1,1
39,0,2416,924,64,26,1,1,1,1
40,0,2261,930,53,25,1,1,1,1
40,0,1645,939,94,25,1,1,1,1
40,0,2417,924,64,26,1,1,1,1
41,0,2262,930,53,25,1,1,1,1
41,0,1643,939,94,25,1,1,1,1
41,0,2417,924,64,26,1,1,1,1
42,0,2264,930,53,25,1,1,1,1
42,0,1640,939,94,25,1,1,1,1
42,0,2418,924,64,26,1,1,1,1
43,0,2265,930,53,25,1,1,1,1
43,0,1637,939,94,25,1,1,1,1
43,0,2418,924,64,26,1,1,1,1
44,0,2266,930,53,25,1,1,1,1
44,0,1635,939,94,25,1,1,1,1
44,0,2419,924,64,26,1,1,1,1
45,0,2267,930,53,25,1,1,1,1
45,0,1632,939,95,25,1,1,1,1
45,0,2419,924,64,26,1,1,1,1
46,0,2268,930,53,25,1,1,1,1
46,0,1630,939,95,25,1,1,1,1
46,0,2420,924,64,26,1,1,1,1
47,0,2269,930,53,25,1,1,1,1
47,0,1627,939,95,25,1,1,1,1
47,0,2420,924,64,26,1,1,1,1
48,0,2270,930,53,25,1,1,1,1
48,0,1624,939,95,25,1,1,1,1
48,0,2421,924,64,26,1,1,1,1
49,0,2271,930,54,25,1,1,1,1
49,0,1622,939,95,25,1,1,1,1
49,0,2421,924,64,26,1,1,1,1
50,0,2273,930,54,25,1,1,1,1
50,0,1619,940,95,25,1,1,1,1
50,0,2422,924,64,26,1,1,1,1
51,0,2274,930,54,25,1,1,1,1
51,0,1616,940,96,25,1,1,1,1
51,0,2423,924,64,26,1,1,1,1
52,0,2275,930,54,25,1,1,1,1
52,0,1614,940,96,25,1,1,1,1
52,0,2423,924,64,26,1,1,1,1
53,0,2276,930,54,25,1,1,1,1
53,0,1611,940,96,25,1,1,1,1
53,0,2424,924,64,26,1,1,1,1
54,0,2277,930,54,25,1,1,1,1
54,0,1608,940,96,25,1,1,1,1
54,0,2424,924,64,26,1,1,1,1
55,0,2278,929,54,25,1,1,1,1
55,0,1606,940,96,25,1,1,1,1
55,0,2425,924,64,26,1,1,1,1
56,0,2279,929,54,25,1,1,1,1
56,0,1603,940,96,25,1,1,1,1
56,0,2425,924,64,26,1,1,1,1
57,0,2280,929,54,25,1,1,1,1
57,0,1600,940,97,25,1,1,1,1
57,0,2426,924,63,26,1,1,1,1
58,0,2282,929,54,25,1,1,1,1
58,0,1598,940,97,25,1,1,1,1
58,0,2426,924,63,26,1,1,1,1
59,0,2283,929,54,25,1,1,1,1
59,0,1595,940,97,25,1,1,1,1
59,0,2427,924,63,26,1,1,1,1
60,0,2284,929,54,25,1,1,1,1
60,0,1592,940,97,25,1,1,1,1
60,0,2427,924,63,26,1,1,1,1
61,0,2285,929,54,25,1,1,1,1
61,0,1590,940,97,25,1,1,1,1
61,0,2428,924,63,26,1,1,1,1
62,0,2286,929,54,25,1,1,1,1
62,0,1587,940,97,25,1,1,1,1
62,0,2429,924,63,26,1,1,1,1
63,0,2287,929,54,25,1,1,1,1
63,0,1585,940,98,25,1,1,1,1
63,0,2429,924,63,26,1,1,1,1
64,0,2288,929,54,25,1,1,1,1
64,0,1582,940,98,25,1,1,1,1
64,0,2430,924,63,26,1,1,1,1
65,0,2289,929,54,25,1,1,1,1
65,0,1579,940,98,25,1,1,1,1
65,0,2430,924,63,26,1,1,1,1
66,0,2291,929,54,25,1,1,1,1
66,0,1577,940,98,25,1,1,1,1
66,0,2431,924,63,26,1,1,1,1
67,0,2292,929,54,25,1,1,1,1
67,0,1574,940,98,25,1,1,1,1
67,0,2431,924,63,26,1,1,1,1
68,0,2293,929,54,25,1,1,1,1
68,0,1571,940,98,25,1,1,1,1
68,0,2432,923,63,26,1,1,1,1
69,0,2294,929,54,25,1,1,1,1
69,0,1569,940,99,25,1,1,1,1
69,0,2432,923,63,26,1,1,1,1
70,0,2295,929,55,25,1,1,1,1
70,0,1566,940,99,25,1,1,1,1
70,0,2433,923,63,26,1,1,1,1
71,0,2296,929,55,24,1,1,1,1
71,0,1563,940,99,25,1,1,1,1
71,0,2433,923,63,26,1,1,1,1
72,0,2297,929,55,24,1,1,1,1
72,0,1561,940,99,25,1,1,1,1
72,0,2434,923,63,26,1,1,1,1
73,0,2298,929,55,24,1,1,1,1
73,0,1558,940,99,25,1,1,1,1
73,0,2434,923,63,26,1,1,1,1
74,0,2300,929,55,24,1,1,1,1
74,0,1555,940,99,25,1,1,1,1
74,0,2435,923,63,26,1,1,1,1
75,0,2301,929,55,24,1,1,1,1
75,0,1553,940,100,25,1,1,1,1
75,0,2436,923,63,26,1,1,1,1
76,0,2302,929,55,24,1,1,1,1
76,0,1550,940,100,25,1,1,1,1
76,0,2436,923,63,26,1,1,1,1
77,0,2303,929,55,24,1,1,1,1
77,0,1547,941,100,25,1,1,1,1
77,0,2437,923,63,26,1,1,1,1
78,0,2304,929,55,24,1,1,1,1
78,0,1545,941,100,25,1,1,1,1
78,0,2437,923,63,26,1,1,1,1
79,0,2305,929,55,24,1,1,1,1
79,0,1542,941,100,25,1,1,1,1
79,0,2438,923,62,26,1,1,1,1
80,0,2306,929,55,24,1,1,1,1
80,0,1539,941,100,25,1,1,1,1
80,0,2438,923,62,26,1,1,1,1
81,0,2307,929,55,24,1,1,1,1
81,0,1537,941,101,25,1,1,1,1
81,0,2439,923,62,26,1,1,1,1
82,0,2309,929,55,24,1,1,1,1
82,0,1534,941,101,25,1,1,1,1
82,0,2439,923,62,26,1,1,1,1
83,0,2310,929,55,24,1,1,1,1
83,0,1532,941,101,25,1,1,1,1
83,0,2440,923,62,26,1,1,1,1
84,0,2311,929,55,24,1,1,1,1
84,0,1529,941,101,25,1,1,1,1
84,0,2440,923,62,26,1,1,1,1
85,0,2312,929,55,24,1,1,1,1
85,0,1526,941,101,25,1,1,1,1
85,0,2441,923,62,26,1,1,1,1
86,0,2313,929,55,24,1,1,1,1
86,0,1524,941,101,25,1,1,1,1
86,0,2442,923,62,26,1,1,1,1
87,0,2314,928,55,24,1,1,1,1
87,0,1521,941,102,25,1,1,1,1
87,0,2442,923,62,26,1,1,1,1
88,0,2315,928,55,24,1,1,1,1
88,0,1518,941,102,25,1,1,1,1
88,0,2443,923,62,26,1,1,1,1
89,0,2316,928,55,24,1,1,1,1
89,0,1516,941,102,25,1,1,1,1
89,0,2443,923,62,26,1,1,1,1
90,0,2318,928,55,24,1,1,1,1
90,0,1513,941,102,25,1,1,1,1
90,0,2444,923,62,26,1,1,1,1
91,0,2319,928,55,24,1,1,1,1
91,0,1510,941,102,25,1,1,1,1
91,0,2444,923,62,26,1,1,1,1
92,0,2320,928,56,24,1,1,1,1
92,0,1507,941,102,25,1,1,1,1
92,0,2445,923,62,26,1,1,1,1
93,0,2321,928,56,24,1,1,1,1
93,0,1504,941,102,25,1,1,1,1
93,0,2445,923,62,26,1,1,1,1
94,0,2322,928,56,24,1,1,1,1
94,0,1501,941,103,25,1,1,1,1
94,0,2446,923,62,26,1,1,1,1
95,0,2323,928,56,24,1,1,1,1
95,0,1498,941,103,25,1,1,1,1
95,0,2446,923,62,26,1,1,1,1
96,0,2324,928,56,24,1,1,1,1
96,0,1495,941,103,25,1,1,1,1
96,0,2447,923,62,26,1,1,1,1
97,0,2325,928,56,24,1,1,1,1
97,0,1492,941,103,25,1,1,1,1
97,0,2447,923,62,26,1,1,1,1
98,0,2327,928,56,24,1,1,1,1
98,0,1489,941,103,25,1,1,1,1
98,0,2448,923,62,26,1,1,1,1
98,0,2414,925,29,20,1,1,1,1
98,0,2391,928,28,17,1,1,1,1
99,0,2328,928,56,24,1,1,1,1
99,0,1486,941,103,25,1,1,1,1
99,0,2449,923,62,26,1,1,1,1
99,0,2413,925,29,20,1,1,1,1
99,0,2390,928,28,17,1,1,1,1
100,0,2329,928,56,24,1,1,1,1
100,0,1483,941,103,25,1,1,1,1
100,0,2449,923,62,26,1,1,1,1
100,0,2412,925,29,20,1,1,1,1
100,0,2390,928,28,17,1,1,1,1
101,0,2330,928,56,24,1,1,1,1
101,0,1480,941,104,25,1,1,1,1
101,0,2450,923,62,26,1,1,1,1
101,0,2412,925,29,20,1,1,1,1
101,0,2389,928,28,17,1,1,1,1
102,0,2331,928,56,24,1,1,1,1
102,0,1477,941,104,25,1,1,1,1
102,0,2450,923,61,26,1,1,1,1
102,0,2411,925,29,20,1,1,1,1
102,0,2388,928,28,17,1,1,1,1
103,0,2332,928,56,24,1,1,1,1
103,0,1474,941,104,25,1,1,1,1
103,0,2451,923,61,26,1,1,1,1
103,0,2410,925,29,20,1,1,1,1
103,0,2388,928,28,17,1,1,1,1
104,0,2334,928,55,24,1,1,1,1
104,0,1472,942,104,26,1,1,1,1
104,0,2451,923,61,26,1,1,1,1
104,0,2409,925,29,20,1,1,1,1
104,0,2387,928,28,17,1,1,1,1
105,0,2335,928,55,24,1,1,1,1
105,0,1469,942,104,26,1,1,1,1
105,0,2452,923,61,26,1,1,1,1
105,0,2408,925,29,20,1,1,1,1
105,0,2386,928,28,17,1,1,1,1
106,0,2337,928,55,24,1,1,1,1
106,0,1466,942,104,26,1,1,1,1
106,0,2452,923,61,26,1,1,1,1
106,0,2408,925,29,20,1,1,1,1
106,0,2386,928,28,17,1,1,1,1
107,0,2338,928,54,24,1,1,1,1
107,0,1463,942,104,26,1,1,1,1
107,0,2453,923,61,26,1,1,1,1
107,0,2407,925,29,20,1,1,1,1
107,0,2385,928,28,17,1,1,1,1
108,0,2340,928,54,24,1,1,1,1
108,0,1460,942,105,26,1,1,1,1
108,0,2453,923,61,26,1,1,1,1
108,0,2406,925,29,20,1,1,1,1
108,0,2384,928,28,17,1,1,1,1
109,0,2341,928,54,24,1,1,1,1
109,0,1457,942,105,26,1,1,1,1
109,0,2454,923,61,26,1,1,1,1
109,0,2405,925,29,20,1,1,1,1
109,0,2384,928,28,17,1,1,1,1
110,0,2343,928,53,24,1,1,1,1
110,0,1454,942,105,26,1,1,1,1
110,0,2454,923,61,26,1,1,1,1
110,0,2404,925,29,20,1,1,1,1
110,0,2383,928,28,17,1,1,1,1
111,0,2344,928,53,24,1,1,1,1
111,0,1451,942,105,26,1,1,1,1
111,0,2455,923,61,26,1,1,1,1
111,0,2404,925,29,20,1,1,1,1
111,0,2383,928,28,17,1,1,1,1
112,0,2345,928,53,24,1,1,1,1
112,0,1448,942,105,26,1,1,1,1
112,0,2456,923,61,26,1,1,1,1
112,0,2403,926,29,20,1,1,1,1
112,0,2382,928,28,17,1,1,1,1
113,0,2347,928,53,24,1,1,1,1
113,0,1445,942,105,26,1,1,1,1
113,0,2456,923,61,26,1,1,1,1
113,0,2402,926,29,20,1,1,1,1
113,0,2381,928,28,17,1,1,1,1
114,0,2348,928,53,24,1,1,1,1
114,0,1442,942,105,26,1,1,1,1
114,0,2457,923,61,26,1,1,1,1
114,0,2401,926,29,20,1,1,1,1
114,0,2381,928,28,17,1,1,1,1
115,0,2349,928,52,24,1,1,1,1
115,0,1439,942,106,26,1,1,1,1
115,0,2457,923,61,26,1,1,1,1
115,0,2401,926,29,20,1,1,1,1
115,0,2380,928,28,17,1,1,1,1
116,0,2351,928,52,24,1,1,1,1
116,0,1436,942,106,26,1,1,1,1
116,0,2458,923,61,26,1,1,1,1
116,0,2400,926,29,20,1,1,1,1
116,0,2379,928,28,17,1,1,1,1
117,0,2352,928,52,24,1,1,1,1
117,0,1433,942,106,26,1,1,1,1
117,0,2458,923,61,26,1,1,1,1
117,0,2399,926,29,20,1,1,1,1
117,0,2379,928,28,17,1,1,1,1
118,0,2353,928,52,24,1,1,1,1
118,0,1430,942,106,26,1,1,1,1
118,0,2459,923,61,26,1,1,1,1
118,0,2398,926,29,20,1,1,1,1
118,0,2378,928,28,17,1,1,1,1
119,0,2355,928,52,24,1,1,1,1
119,0,1427,942,106,26,1,1,1,1
119,0,2459,923,61,26,1,1,1,1
119,0,2397,926,29,20,1,1,1,1
119,0,2377,928,28,17,1,1,1,1
120,0,2356,928,52,24,1,1,1,1
120,0,1423,942,106,26,1,1,1,1
120,0,2460,923,61,26,1,1,1,1
120,0,2397,926,29,20,1,1,1,1
120,0,2377,928,28,17,1,1,1,1
121,0,2357,928,52,24,1,1,1,1
121,0,1420,942,106,26,1,1,1,1
121,0,2460,923,61,26,1,1,1,1
121,0,2396,926,29,20,1,1,1,1
121,0,2376,928,28,17,1,1,1,1
122,0,2359,928,52,24,1,1,1,1
122,0,1417,942,107,26,1,1,1,1
122,0,2461,923,61,26,1,1,1,1
122,0,2395,926,29,20,1,1,1,1
122,0,2375,928,28,17,1,1,1,1
123,0,2360,928,51,24,1,1,1,1
123,0,1414,942,107,26,1,1,1,1
123,0,2462,923,61,26,1,1,1,1
123,0,2394,926,29,20,1,1,1,1
123,0,2375,928,28,17,1,1,1,1
124,0,2361,928,51,24,1,1,1,1
124,0,1410,942,107,26,1,1,1,1
124,0,2462,923,60,26,1,1,1,1
124,0,2393,926,29,20,1,1,1,1
124,0,2374,929,28,17,1,1,1,1
125,0,2363,928,51,24,1,1,1,1
125,0,1407,942,107,26,1,1,1,1
125,0,2463,923,60,26,1,1,1,1
125,0,2393,926,30,19,1,1,1,1
125,0,2373,929,28,17,1,1,1,1
126,0,2364,928,51,24,1,1,1,1
126,0,1404,942,107,26,1,1,1,1
126,0,2463,923,60,26,1,1,1,1
126,0,2392,926,30,19,1,1,1,1
126,0,2373,929,28,17,1,1,1,1
127,0,2365,927,51,24,1,1,1,1
127,0,1401,942,107,26,1,1,1,1
127,0,2464,923,60,26,1,1,1,1
127,0,2391,926,30,19,1,1,1,1
127,0,2372,929,28,17,1,1,1,1
128,0,2367,927,51,24,1,1,1,1
128,0,1397,942,107,26,1,1,1,1
128,0,2464,923,60,26,1,1,1,1
128,0,2390,926,30,19,1,1,1,1
128,0,2371,929,28,17,1,1,1,1
129,0,2368,927,51,24,1,1,1,1
129,0,1394,942,108,26,1,1,1,1
129,0,2465,923,60,26,1,1,1,1
129,0,2389,926,30,19,1,1,1,1
129,0,2371,929,28,17,1,1,1,1
130,0,2369,927,50,24,1,1,1,1
130,0,1391,942,108,26,1,1,1,1
130,0,2465,923,60,26,1,1,1,1
130,0,2389,926,30,19,1,1,1,1
130,0,2370,929,28,17,1,1,1,1
131,0,2371,927,50,24,1,1,1,1
131,0,1388,942,108,26,1,1,1,1
131,0,2466,923,60,26,1,1,1,1
131,0,2388,926,30,19,1,1,1,1
131,0,2369,929,28,17,1,1,1,1
132,0,2372,927,50,24,1,1,1,1
132,0,1384,942,108,26,1,1,1,1
132,0,2466,923,60,26,1,1,1,1
132,0,2387,926,30,19,1,1,1,1
132,0,2369,929,28,17,1,1,1,1
133,0,2373,927,50,24,1,1,1,1
133,0,1381,942,108,26,1,1,1,1
133,0,2467,923,60,26,1,1,1,1
133,0,2386,926,30,19,1,1,1,1
133,0,2368,929,28,17,1,1,1,1
134,0,2375,927,50,24,1,1,1,1
134,0,1378,942,108,26,1,1,1,1
134,0,2467,923,60,26,1,1,1,1
134,0,2385,926,30,19,1,1,1,1
134,0,2367,929,28,17,1,1,1,1
135,0,2376,927,50,24,1,1,1,1
135,0,1374,942,108,26,1,1,1,1
135,0,2468,923,60,26,1,1,1,1
135,0,2385,926,30,19,1,1,1,1
135,0,2367,929,28,17,1,1,1,1
136,0,2377,927,50,24,1,1,1,1
136,0,1371,942,109,26,1,1,1,1
136,0,2469,923,60,26,1,1,1,1
136,0,2384,926,30,19,1,1,1,1
136,0,2366,929,28,17,1,1,1,1
137,0,2379,927,50,24,1,1,1,1
137,0,1368,942,109,26,1,1,1,1
137,0,2469,923,59,26,1,1,1,1
137,0,2383,926,30,19,1,1,1,1
137,0,2366,929,28,17,1,1,1,1
138,0,2380,927,49,24,1,1,1,1
138,0,1365,942,109,26,1,1,1,1
138,0,2470,923,59,26,1,1,1,1
138,0,2382,927,30,19,1,1,1,1
138,0,2365,929,28,17,1,1,1,1
139,0,2381,927,49,24,1,1,1,1
139,0,1361,943,109,27,1,1,1,1
139,0,2470,923,59,26,1,1,1,1
139,0,2382,927,30,19,1,1,1,1
139,0,2364,929,28,17,1,1,1,1
140,0,2383,927,49,24,1,1,1,1
140,0,1358,943,109,27,1,1,1,1
140,0,2471,923,58,25,1,1,1,1
140,0,2381,927,30,19,1,1,1,1
140,0,2364,929,28,17,1,1,1,1
141,0,2384,927,49,24,1,1,1,1
141,0,1355,943,109,27,1,1,1,1
141,0,2471,923,58,25,1,1,1,1
141,0,2380,927,30,19,1,1,1,1
141,0,2363,929,28,17,1,1,1,1
142,0,2385,927,49,23,1,1,1,1
142,0,1352,943,110,27,1,1,1,1
142,0,2472,924,58,25,1,1,1,1
142,0,2379,927,30,19,1,1,1,1
142,0,2362,929,28,17,1,1,1,1
143,0,2387,927,49,23,1,1,1,1
143,0,1348,943,110,27,1,1,1,1
143,0,2472,924,57,25,1,1,1,1
143,0,2378,927,30,19,1,1,1,1
143,0,2362,929,28,17,1,1,1,1
144,0,2388,927,49,23,1,1,1,1
144,0,1345,943,110,27,1,1,1,1
144,0,2473,924,57,25,1,1,1,1
144,0,2378,927,30,19,1,1,1,1
144,0,2361,929,28,17,1,1,1,1
145,0,2389,927,48,23,1,1,1,1
145,0,1342,943,110,27,1,1,1,1
145,0,2473,924,57,25,1,1,1,1
145,0,2377,927,30,19,1,1,1,1
145,0,2360,929,28,17,1,1,1,1
146,0,2391,927,48,23,1,1,1,1
146,0,1338,943,110,27,1,1,1,1
146,0,2474,924,56,25,1,1,1,1
146,0,2376,927,30,19,1,1,1,1
146,0,2360,929,28,17,1,1,1,1
147,0,2392,927,48,23,1,1,1,1
147,0,1335,943,110,27,1,1,1,1
147,0,2474,924,56,25,1,1,1,1
147,0,2375,927,30,19,1,1,1,1
147,0,2359,929,28,17,1,1,1,1
148,0,2393,927,48,23,1,1,1,1
148,0,1332,943,110,27,1,1,1,1
148,0,2475,924,56,25,1,1,1,1
148,0,2374,927,30,19,1,1,1,1
148,0,2358,929,28,17,1,1,1,1
149,0,2395,927,48,23,1,1,1,1
149,0,1329,943,111,27,1,1,1,1
149,0,2475,924,55,24,1,1,1,1
149,0,2374,927,30,19,1,1,1,1
149,0,2358,929,28,18,1,1,1,1
150,0,2396,927,48,23,1,1,1,1
150,0,1325,943,111,27,1,1,1,1
150,0,2476,924,55,24,1,1,1,1
150,0,2373,927,30,19,1,1,1,1
150,0,2357,929,28,18,1,1,1,1
151,0,2397,927,48,23,1,1,1,1
151,0,1322,943,111,27,1,1,1,1
151,0,2476,924,54,24,1,1,1,1
151,0,2372,927,30,19,1,1,1,1
151,0,2356,929,28,18,1,1,1,1
152,0,2399,927,48,23,1,1,1,1
152,0,1319,943,111,27,1,1,1,1
152,0,2477,924,54,24,1,1,1,1
152,0,2371,927,30,19,1,1,1,1
152,0,2356,929,28,18,1,1,1,1
153,0,2400,927,47,23,1,1,1,1
153,0,1316,943,111,27,1,1,1,1
153,0,2477,924,54,24,1,1,1,1
153,0,2370,927,31,19,1,1,1,1
153,0,2355,929,28,18,1,1,1,1
154,0,2401,927,47,23,1,1,1,1
154,0,1312,943,111,27,1,1,1,1
154,0,2478,925,53,24,1,1,1,1
154,0,2369,927,31,19,1,1,1,1
154,0,2354,929,28,18,1,1,1,1
155,0,2403,927,47,23,1,1,1,1
155,0,1309,943,111,27,1,1,1,1
155,0,2478,925,53,24,1,1,1,1
155,0,2368,927,31,19,1,1,1,1
155,0,2354,929,28,18,1,1,1,1
156,0,2404,927,47,23,1,1,1,1
156,0,1306,943,112,27,1,1,1,1
156,0,2479,925,53,24,1,1,1,1
156,0,2367,927,31,19,1,1,1,1
156,0,2353,929,28,18,1,1,1,1
157,0,2405,926,47,23,1,1,1,1
157,0,1303,943,112,27,1,1,1,1
157,0,2480,925,52,23,1,1,1,1
157,0,2366,927,32,19,1,1,1,1
157,0,2352,929,28,18,1,1,1,1
158,0,2407,926,47,23,1,1,1,1
158,0,1299,943,112,27,1,1,1,1
158,0,2480,925,52,23,1,1,1,1
158,0,2365,927,32,19,1,1,1,1
158,0,2352,929,28,18,1,1,1,1
159,0,2408,926,47,23,1,1,1,1
159,0,1296,943,112,27,1,1,1,1
159,0,2481,925,52,23,1,1,1,1
159,0,2364,927,32,20,1,1,1,1
159,0,2351,929,28,18,1,1,1,1
160,0,2409,926,46,23,1,1,1,1
160,0,1292,943,112,27,1,1,1,1
160,0,2481,925,51,23,1,1,1,1
160,0,2363,927,33,20,1,1,1,1
160,0,2350,929,28,18,1,1,1,1
161,0,2411,926,46,23,1,1,1,1
161,0,1289,943,113,27,1,1,1,1
161,0,2482,925,51,23,1,1,1,1
161,0,2362,927,33,20,1,1,1,1
161,0,2350,929,28,18,1,1,1,1
162,0,2412,926,46,23,1,1,1,1
162,0,1285,943,113,27,1,1,1,1
162,0,2482,925,51,23,1,1,1,1
162,0,2361,927,33,20,1,1,1,1
162,0,2349,929,28,18,1,1,1,1
163,0,2413,926,46,23,1,1,1,1
163,0,1282,943,113,27,1,1,1,1
163,0,2483,925,50,23,1,1,1,1
163,0,2359,926,33,20,1,1,1,1
163,0,2349,929,28,18,1,1,1,1
164,0,2415,926,46,23,1,1,1,1
164,0,1278,943,114,27,1,1,1,1
164,0,2483,925,50,23,1,1,1,1
164,0,2358,926,34,20,1,1,1,1
164,0,2348,929,28,18,1,1,1,1
165,0,2416,926,46,23,1,1,1,1
165,0,1274,943,114,27,1,1,1,1
165,0,2484,925,50,23,1,1,1,1
165,0,2357,926,34,20,1,1,1,1
165,0,2347,929,28,18,1,1,1,1
166,0,2417,926,46,23,1,1,1,1
166,0,1271,943,114,27,1,1,1,1
166,0,2484,926,49,22,1,1,1,1
166,0,2356,926,34,20,1,1,1,1
166,0,2347,929,28,18,1,1,1,1
167,0,2419,926,46,23,1,1,1,1
167,0,1267,943,115,27,1,1,1,1
167,0,2485,926,49,22,1,1,1,1
167,0,2355,926,35,20,1,1,1,1
167,0,2346,929,28,18,1,1,1,1
168,0,2420,926,45,23,1,1,1,1
168,0,1264,943,115,27,1,1,1,1
168,0,2485,926,49,22,1,1,1,1
168,0,2354,926,35,20,1,1,1,1
168,0,2345,929,28,18,1,1,1,1
169,0,2421,926,45,23,1,1,1,1
169,0,1260,943,115,27,1,1,1,1
169,0,2486,926,48,22,1,1,1,1
169,0,2353,926,35,20,1,1,1,1
169,0,2345,929,28,18,1,1,1,1
170,0,2423,926,45,23,1,1,1,1
170,0,1257,943,115,27,1,1,1,1
170,0,2486,926,48,22,1,1,1,1
170,0,2352,926,35,20,1,1,1,1
170,0,2344,929,28,18,1,1,1,1
171,0,2424,926,45,23,1,1,1,1
171,0,1253,943,116,27,1,1,1,1
171,0,2487,926,48,22,1,1,1,1
171,0,2351,926,36,20,1,1,1,1
171,0,2343,929,28,18,1,1,1,1
172,0,2425,926,45,23,1,1,1,1
172,0,1249,943,116,27,1,1,1,1
172,0,2487,926,47,22,1,1,1,1
172,0,2350,926,36,20,1,1,1,1
172,0,2343,929,28,18,1,1,1,1
173,0,2426,926,45,23,1,1,1,1
173,0,1246,943,116,27,1,1,1,1
173,0,2488,926,47,22,1,1,1,1
173,0,2349,926,36,20,1,1,1,1
173,0,2342,929,28,18,1,1,1,1
174,0,2427,926,45,23,1,1,1,1
174,0,1242,943,117,27,1,1,1,1
174,0,2488,926,47,22,1,1,1,1
174,0,2348,926,37,21,1,1,1,1
174,0,2341,930,28,18,1,1,1,1
175,0,2428,926,45,23,1,1,1,1
175,0,1239,943,117,27,1,1,1,1
175,0,2489,926,46,21,1,1,1,1
175,0,2347,926,37,21,1,1,1,1
175,0,2341,930,28,18,1,1,1,1
176,0,2429,926,45,23,1,1,1,1
176,0,1235,943,117,27,1,1,1,1
176,0,2490,926,46,21,1,1,1,1
176,0,0,950,35,47,1,1,1,1
176,0,2346,926,37,21,1,1,1,1
176,0,2340,930,28,18,1,1,1,1
177,0,2430,926,45,23,1,1,1,1
177,0,1231,943,118,27,1,1,1,1
177,0,2490,926,46,21,1,1,1,1
177,0,0,949,49,48,1,1,1,1
177,0,2345,926,37,21,1,1,1,1
177,0,2339,930,28,18,1,1,1,1
178,0,2431,926,44,23,1,1,1,1
178,0,1228,943,118,27,1,1,1,1
178,0,2491,927,45,21,1,1,1,1
178,0,0,949,63,48,1,1,1,1
178,0,2344,926,38,21,1,1,1,1
178,0,2339,930,28,18,1,1,1,1
179,0,2432,926,44,23,1,1,1,1
179,0,1224,943,118,27,1,1,1,1
179,0,2491,927,45,21,1,1,1,1
179,0,0,948,78,49,1,1,1,1
179,0,2343,926,38,21,1,1,1,1
179,0,2338,930,28,18,1,1,1,1
180,0,2433,926,44,23,1,1,1,1
180,0,1221,944,119,28,1,1,1,1
180,0,2492,927,45,21,1,1,1,1
180,0,0,947,92,50,1,1,1,1
180,0,2342,926,38,21,1,1,1,1
180,0,2337,930,28,18,1,1,1,1
181,0,2434,926,44,23,1,1,1,1
181,0,1217,944,119,28,1,1,1,1
181,0,2492,927,44,21,1,1,1,1
181,0,0,946,106,51,1,1,1,1
181,0,2341,926,38,21,1,1,1,1
181,0,2337,930,28,18,1,1,1,1
182,0,2435,926,44,22,1,1,1,1
182,0,1214,944,119,28,1,1,1,1
182,0,2493,927,44,21,1,1,1,1
182,0,1,946,120,51,1,1,1,1
182,0,2340,926,39,21,1,1,1,1
182,0,2336,930,28,18,1,1,1,1
183,0,2436,926,44,22,1,1,1,1
183,0,1210,944,120,28,1,1,1,1
183,0,2493,927,43,20,1,1,1,1
183,0,1,945,134,52,1,1,1,1
183,0,2339,926,39,21,1,1,1,1
183,0,2335,930,28,18,1,1,1,1
184,0,2437,926,44,22,1,1,1,1
184,0,1206,944,120,28,1,1,1,1
184,0,2494,927,43,20,1,1,1,1
184,0,1,944,148,53,1,1,1,1
184,0,2338,926,39,21,1,1,1,1
184,0,2335,930,28,18,1,1,1,1
185,0,2438,926,44,22,1,1,1,1
185,0,1203,944,120,28,1,1,1,1
185,0,2494,927,43,20,1,1,1,1
185,0,1,943,163,54,1,1,1,1
185,0,2337,926,40,21,1,1,1,1
185,0,2334,930,28,18,1,1,1,1
186,0,2439,926,44,22,1,1,1,1
186,0,1199,944,121,28,1,1,1,1
186,0,2495,927,42,20,1,1,1,1
186,0,1,943,177,54,1,1,1,1
186,0,2335,925,40,21,1,1,1,1
186,0,2333,930,28,18,1,1,1,1
187,0,2440,926,44,22,1,1,1,1
187,0,1196,944,121,28,1,1,1,1
187,0,2495,927,42,20,1,1,1,1
187,0,1,942,191,55,1,1,1,1
187,0,2334,925,40,21,1,1,1,1
187,0,2333,930,28,18,1,1,1,1
188,0,2441,926,44,22,1,1,1,1
188,0,1192,944,121,28,1,1,1,1
188,0,2496,927,42,20,1,1,1,1
188,0,1,941,201,56,1,1,1,1
188,0,2333,925,40,21,1,1,1,1
188,0,2332,930,28,18,1,1,1,1
189,0,2442,926,44,22,1,1,1,1
189,0,1188,944,122,28,1,1,1,1
189,0,2496,927,41,20,1,1,1,1
189,0,1,940,211,57,1,1,1,1
189,0,2332,925,41,21,1,1,1,1
189,0,2332,930,28,18,1,1,1,1
190,0,2443,926,44,22,1,1,1,1
190,0,1185,944,122,28,1,1,1,1
190,0,2497,928,41,20,1,1,1,1
190,0,0,939,227,58,1,1,1,1
190,0,2331,925,41,22,1,1,1,1
190,0,2331,930,28,18,1,1,1,1
191,0,2444,926,44,22,1,1,1,1
191,0,1181,944,122,28,1,1,1,1
191,0,2497,928,41,20,1,1,1,1
191,0,-2,938,242,59,1,1,1,1
191,0,2330,925,41,22,1,1,1,1
191,0,2330,930,28,18,1,1,1,1
192,0,2446,927,43,22,1,1,1,1
192,0,1178,944,122,28,1,1,1,1
192,0,2498,928,40,19,1,1,1,1
192,0,-3,936,257,60,1,1,1,1
192,0,2329,925,42,22,1,1,1,1
192,0,2330,930,28,18,1,1,1,1
193,0,2447,927,43,22,1,1,1,1
193,0,1174,944,123,28,1,1,1,1
193,0,2498,928,40,19,1,1,1,1
193,0,-1,930,269,66,1,1,1,1
193,0,2328,925,42,22,1,1,1,1
193,0,2329,930,28,18,1,1,1,1
194,0,2448,927,43,22,1,1,1,1
194,0,1171,944,123,28,1,1,1,1
194,0,2499,928,40,19,1,1,1,1
194,0,0,924,281,72,1,1,1,1
194,0,2327,925,42,22,1,1,1,1
194,0,2328,930,28,18,1,1,1,1
195,0,2449,927,43,22,1,1,1,1
195,0,1167,944,123,28,1,1,1,1
195,0,2499,928,39,19,1,1,1,1
195,0,1,918,293,78,1,1,1,1
195,0,2326,925,42,22,1,1,1,1
195,0,2328,930,28,18,1,1,1,1
196,0,2450,927,43,22,1,1,1,1
196,0,1163,944,124,28,1,1,1,1
196,0,2500,928,39,19,1,1,1,1
196,0,3,916,305,81,1,1,1,1
196,0,2325,925,43,22,1,1,1,1
196,0,2327,930,28,18,1,1,1,1
197,0,2451,927,43,22,1,1,1,1
197,0,1160,944,124,28,1,1,1,1
197,0,2500,929,39,19,1,1,1,1
197,0,4,913,317,83,1,1,1,1
197,0,2324,925,43,22,1,1,1,1
197,0,2326,930,28,18,1,1,1,1
198,0,2452,927,43,22,1,1,1,1
198,0,1156,944,124,28,1,1,1,1
198,0,2499,929,39,18,1,1,1,1
198,0,-3,911,339,86,1,1,1,1
198,0,2323,925,43,22,1,1,1,1
198,0,2326,930,28,18,1,1,1,1
199,0,2453,927,43,22,1,1,1,1
199,0,1153,944,125,28,1,1,1,1
199,0,4,908,344,88,1,1,1,1
199,0,2322,925,43,22,1,1,1,1
199,0,2325,930,28,18,1,1,1,1
200,0,2454,927,43,22,1,1,1,1
200,0,1149,944,125,28,1,1,1,1
200,0,19,912,343,84,1,1,1,1
200,0,2321,925,43,22,1,1,1,1
200,0,2324,930,28,18,1,1,1,1
201,0,2455,927,43,22,1,1,1,1
201,0,1145,944,126,28,1,1,1,1
201,0,35,915,341,81,1,1,1,1
201,0,2320,925,43,22,1,1,1,1
201,0,2324,930,28,18,1,1,1,1
202,0,2456,927,43,21,1,1,1,1
202,0,1140,944,126,28,1,1,1,1
202,0,50,919,340,77,1,1,1,1
202,0,2319,925,43,22,1,1,1,1
202,0,2323,930,28,18,1,1,1,1
203,0,2457,927,43,21,1,1,1,1
203,0,1136,944,127,28,1,1,1,1
203,0,65,922,338,73,1,1,1,1
203,0,2319,925,42,22,1,1,1,1
203,0,2322,930,28,18,1,1,1,1
204,0,2458,927,43,21,1,1,1,1
204,0,1131,944,128,28,1,1,1,1
204,0,78,922,336,73,1,1,1,1
204,0,2318,925,42,22,1,1,1,1
204,0,2321,930,28,18,1,1,1,1
205,0,2459,927,43,21,1,1,1,1
205,0,1127,944,129,28,1,1,1,1
205,0,92,922,334,73,1,1,1,1
205,0,2317,925,42,22,1,1,1,1
205,0,2321,930,28,18,1,1,1,1
206,0,2460,927,42,21,1,1,1,1
206,0,1123,944,129,28,1,1,1,1
206,0,105,922,332,72,1,1,1,1
206,0,2316,925,42,22,1,1,1,1
206,0,2320,930,28,18,1,1,1,1
207,0,2461,927,42,21,1,1,1,1
207,0,1118,944,130,28,1,1,1,1
207,0,119,922,331,72,1,1,1,1
207,0,2315,925,42,22,1,1,1,1
207,0,2319,930,29,18,1,1,1,1
208,0,2462,927,42,21,1,1,1,1
208,0,1114,944,131,29,1,1,1,1
208,0,132,922,329,72,1,1,1,1
208,0,2314,925,42,22,1,1,1,1
208,0,2318,930,29,18,1,1,1,1
209,0,2463,927,42,21,1,1,1,1
209,0,1109,944,131,29,1,1,1,1
209,0,146,923,327,72,1,1,1,1
209,0,2313,925,42,22,1,1,1,1
209,0,2318,930,29,18,1,1,1,1
210,0,2464,927,42,21,1,1,1,1
210,0,1105,944,132,29,1,1,1,1
210,0,159,923,325,72,1,1,1,1
210,0,2312,925,42,22,1,1,1,1
210,0,2317,930,29,18,1,1,1,1
211,0,2465,927,42,21,1,1,1,1
211,0,1101,944,133,29,1,1,1,1
211,0,172,923,323,72,1,1,1,1
211,0,2311,925,42,22,1,1,1,1
211,0,2316,930,29,18,1,1,1,1
212,0,2466,927,42,21,1,1,1,1
212,0,1096,944,133,29,1,1,1,1
212,0,186,923,321,71,1,1,1,1
212,0,2310,925,42,22,1,1,1,1
212,0,2315,930,29,18,1,1,1,1
213,0,2467,927,42,21,1,1,1,1
213,0,1092,944,134,29,1,1,1,1
213,0,199,923,319,71,1,1,1,1
213,0,2309,925,42,22,1,1,1,1
213,0,2315,930,29,18,1,1,1,1
214,0,2468,927,42,21,1,1,1,1
214,0,1087,944,135,29,1,1,1,1
214,0,213,923,317,71,1,1,1,1
214,0,2308,925,42,22,1,1,1,1
214,0,2314,930,29,18,1,1,1,1
215,0,2468,927,42,21,1,1,1,1
215,0,1083,944,136,29,1,1,1,1
215,0,226,923,316,71,1,1,1,1
215,0,2308,925,41,22,1,1,1,1
215,0,2313,930,29,18,1,1,1,1
216,0,2469,927,42,21,1,1,1,1
216,0,1079,944,136,29,1,1,1,1
216,0,240,923,314,71,1,1,1,1
216,0,2307,925,41,22,1,1,1,1
216,0,2312,930,29,18,1,1,1,1
217,0,2470,927,42,21,1,1,1,1
217,0,1074,944,137,29,1,1,1,1
217,0,253,923,312,71,1,1,1,1
217,0,2306,925,41,22,1,1,1,1
217,0,2311,930,29,18,1,1,1,1
218,0,2471,927,42,21,1,1,1,1
218,0,1070,944,138,29,1,1,1,1
218,0,267,923,310,70,1,1,1,1
218,0,2305,925,41,22,1,1,1,1
218,0,2310,930,29,18,1,1,1,1
219,0,2472,927,42,21,1,1,1,1
219,0,1065,944,138,29,1,1,1,1
219,0,280,923,308,70,1,1,1,1
219,0,2304,925,41,22,1,1,1,1
219,0,2309,930,29,18,1,1,1,1
220,0,2472,927,42,21,1,1,1,1
220,0,1061,944,139,29,1,1,1,1
220,0,293,923,306,70,1,1,1,1
220,0,2303,925,41,22,1,1,1,1
220,0,2308,930,29,18,1,1,1,1
221,0,2473,927,42,21,1,1,1,1
221,0,1057,944,140,29,1,1,1,1
221,0,307,924,304,70,1,1,1,1
221,0,2302,925,41,22,1,1,1,1
221,0,2307,930,29,18,1,1,1,1
222,0,2474,926,43,21,1,1,1,1
222,0,1052,944,140,29,1,1,1,1
222,0,320,924,302,70,1,1,1,1
222,0,2301,925,41,22,1,1,1,1
222,0,2305,930,30,18,1,1,1,1
223,0,2475,926,43,21,1,1,1,1
223,0,1048,944,141,29,1,1,1,1
223,0,334,924,301,70,1,1,1,1
223,0,2300,925,41,22,1,1,1,1
223,0,2304,930,30,18,1,1,1,1
224,0,2475,926,43,21,1,1,1,1
224,0,1043,945,142,30,1,1,1,1
224,0,347,924,299,69,1,1,1,1
224,0,2299,925,41,22,1,1,1,1
224,0,2303,930,30,18,1,1,1,1
225,0,2476,926,43,21,1,1,1,1
225,0,1039,945,143,30,1,1,1,1
225,0,361,924,297,69,1,1,1,1
225,0,2298,925,41,22,1,1,1,1
225,0,2302,930,30,18,1,1,1,1
226,0,2477,926,43,21,1,1,1,1
226,0,1034,945,143,30,1,1,1,1
226,0,374,924,295,69,1,1,1,1
226,0,2297,925,41,22,1,1,1,1
226,0,2301,930,30,18,1,1,1,1
227,0,2478,926,43,21,1,1,1,1
227,0,1030,945,144,30,1,1,1,1
227,0,385,924,293,69,1,1,1,1
227,0,2297,925,40,23,1,1,1,1
227,0,2300,930,30,18,1,1,1,1
228,0,2479,926,43,21,1,1,1,1
228,0,1026,945,145,30,1,1,1,1
228,0,397,924,292,69,1,1,1,1
228,0,2296,925,40,23,1,1,1,1
228,0,2299,930,30,18,1,1,1,1
229,0,2479,926,43,21,1,1,1,1
229,0,1021,945,145,30,1,1,1,1
229,0,408,924,290,69,1,1,1,1
229,0,2295,925,40,23,1,1,1,1
229,0,2298,930,30,18,1,1,1,1
230,0,2480,926,43,21,1,1,1,1
230,0,1017,945,146,30,1,1,1,1
230,0,419,924,288,68,1,1,1,1
230,0,2294,925,40,23,1,1,1,1
230,0,2297,930,30,18,1,1,1,1
231,0,2481,926,43,21,1,1,1,1
231,0,1012,945,147,30,1,1,1,1
231,0,430,924,286,68,1,1,1,1
231,0,2293,925,40,23,1,1,1,1
231,0,2297,930,30,18,1,1,1,1
232,0,2482,926,42,21,1,1,1,1
232,0,1008,945,147,30,1,1,1,1
232,0,442,924,285,68,1,1,1,1
232,0,2292,925,40,23,1,1,1,1
232,0,2296,930,30,18,1,1,1,1
233,0,2483,926,40,21,1,1,1,1
233,0,1004,945,148,30,1,1,1,1
233,0,453,925,283,68,1,1,1,1
233,0,2291,925,40,23,1,1,1,1
233,0,2295,930,30,18,1,1,1,1
234,0,2484,926,40,21,1,1,1,1
234,0,999,945,149,30,1,1,1,1
234,0,464,925,281,68,1,1,1,1
234,0,2290,925,40,23,1,1,1,1
234,0,2294,930,30,18,1,1,1,1
235,0,2485,926,41,21,1,1,1,1
235,0,995,945,150,30,1,1,1,1
235,0,475,925,279,68,1,1,1,1
235,0,2289,925,40,23,1,1,1,1
235,0,2294,930,30,18,1,1,1,1
236,0,2486,926,41,21,1,1,1,1
236,0,990,945,150,30,1,1,1,1
236,0,487,925,278,68,1,1,1,1
236,0,2288,925,40,23,1,1,1,1
236,0,2293,930,30,18,1,1,1,1
237,0,2487,926,41,21,1,1,1,1
237,0,986,945,151,30,1,1,1,1
237,0,498,925,276,67,1,1,1,1
237,0,2287,925,40,23,1,1,1,1
237,0,2292,930,30,18,1,1,1,1
238,0,2488,926,42,21,1,1,1,1
238,0,982,945,152,30,1,1,1,1
238,0,509,925,274,67,1,1,1,1
238,0,2286,925,40,23,1,1,1,1
238,0,2291,930,30,18,1,1,1,1
239,0,2489,926,42,21,1,1,1,1
239,0,977,945,152,30,1,1,1,1
239,0,520,925,272,67,1,1,1,1
239,0,2286,925,39,23,1,1,1,1
239,0,2290,930,30,18,1,1,1,1
240,0,2490,926,42,21,1,1,1,1
240,0,973,945,153,31,1,1,1,1
240,0,532,925,271,67,1,1,1,1
240,0,2285,925,39,23,1,1,1,1
240,0,2290,930,30,18,1,1,1,1
241,0,2491,926,42,21,1,1,1,1
241,0,968,945,154,31,1,1,1,1
241,0,543,925,269,67,1,1,1,1
241,0,2284,925,39,23,1,1,1,1
241,0,2289,930,30,18,1,1,1,1
242,0,2492,926,41,21,1,1,1,1
242,0,964,945,154,31,1,1,1,1
242,0,554,925,267,67,1,1,1,1
242,0,2283,925,39,23,1,1,1,1
242,0,2288,930,30,18,1,1,1,1
243,0,2493,926,41,21,1,1,1,1
243,0,960,945,155,31,1,1,1,1
243,0,565,925,265,66,1,1,1,1
243,0,2282,925,39,23,1,1,1,1
243,0,2287,930,30,18,1,1,1,1
244,0,2494,926,40,21,1,1,1,1
244,0,955,945,156,31,1,1,1,1
244,0,577,925,264,66,1,1,1,1
244,0,2281,925,39,23,1,1,1,1
244,0,2286,930,30,18,1,1,1,1
245,0,2495,926,40,21,1,1,1,1
245,0,951,945,157,31,1,1,1,1
245,0,588,925,262,66,1,1,1,1
245,0,2280,925,39,23,1,1,1,1
245,0,2286,930,30,18,1,1,1,1
246,0,2496,926,39,21,1,1,1,1
246,0,946,945,157,31,1,1,1,1
246,0,599,925,260,66,1,1,1,1
246,0,2279,925,39,23,1,1,1,1
246,0,2285,930,30,18,1,1,1,1
247,0,2497,926,38,21,1,1,1,1
247,0,942,945,158,31,1,1,1,1
247,0,610,926,258,66,1,1,1,1
247,0,2278,925,39,23,1,1,1,1
247,0,2284,930,30,18,1,1,1,1
248,0,2498,926,38,21,1,1,1,1
248,0,937,945,159,31,1,1,1,1
248,0,622,926,257,66,1,1,1,1
248,0,2277,925,39,23,1,1,1,1
248,0,2283,930,30,18,1,1,1,1
249,0,2498,925,39,21,1,1,1,1
249,0,931,945,159,31,1,1,1,1
249,0,633,926,255,66,1,1,1,1
249,0,2276,925,39,23,1,1,1,1
249,0,2283,930,30,18,1,1,1,1
250,0,2499,925,37,22,1,1,1,1
250,0,926,945,160,31,1,1,1,1
250,0,644,926,253,65,1,1,1,1
250,0,2275,925,39,23,1,1,1,1
250,0,2282,930,30,18,1,1,1,1
251,0,2500,925,38,22,1,1,1,1
251,0,921,945,160,31,1,1,1,1
251,0,655,926,251,65,1,1,1,1
251,0,2275,925,38,23,1,1,1,1
251,0,2281,930,30,18,1,1,1,1
252,0,2501,925,38,22,1,1,1,1
252,0,916,945,161,32,1,1,1,1
252,0,667,926,250,65,1,1,1,1
252,0,2274,925,38,23,1,1,1,1
252,0,2280,930,30,18,1,1,1,1
253,0,2501,925,37,22,1,1,1,1
253,0,910,945,161,32,1,1,1,1
253,0,678,926,248,65,1,1,1,1
253,0,2273,925,38,23,1,1,1,1
253,0,2279,930,30,18,1,1,1,1
254,0,2502,925,37,22,1,1,1,1
254,0,905,945,162,32,1,1,1,1
254,0,688,926,247,65,1,1,1,1
254,0,2272,925,38,23,1,1,1,1
254,0,2279,930,30,18,1,1,1,1
255,0,2503,925,36,22,1,1,1,1
255,0,900,944,163,32,1,1,1,1
255,0,698,926,245,65,1,1,1,1
255,0,2271,925,38,23,1,1,1,1
255,0,2278,930,30,18,1,1,1,1
256,0,2504,925,36,22,1,1,1,1
256,0,894,944,163,32,1,1,1,1
256,0,707,926,244,65,1,1,1,1
256,0,2270,925,38,23,1,1,1,1
256,0,2277,930,30,18,1,1,1,1
257,0,2504,925,35,22,1,1,1,1
257,0,889,944,164,32,1,1,1,1
257,0,717,926,242,65,1,1,1,1
257,0,2269,925,38,23,1,1,1,1
257,0,2276,930,30,18,1,1,1,1
258,0,2505,925,35,22,1,1,1,1
258,0,884,944,164,32,1,1,1,1
258,0,727,927,241,65,1,1,1,1
258,0,2268,925,38,23,1,1,1,1
258,0,2275,930,30,18,1,1,1,1
259,0,2506,925,34,22,1,1,1,1
259,0,879,944,165,32,1,1,1,1
259,0,737,927,239,64,1,1,1,1
259,0,2267,925,38,23,1,1,1,1
259,0,2275,930,30,18,1,1,1,1
260,0,2507,925,34,22,1,1,1,1
260,0,873,944,165,32,1,1,1,1
260,0,747,927,238,64,1,1,1,1
260,0,2265,925,39,23,1,1,1,1
260,0,2274,930,30,18,1,1,1,1
261,0,2507,925,33,22,1,1,1,1
261,0,868,944,166,33,1,1,1,1
261,0,756,927,236,64,1,1,1,1
261,0,2264,925,39,23,1,1,1,1
261,0,2273,930,30,18,1,1,1,1
262,0,2508,925,33,22,1,1,1,1
262,0,863,944,167,33,1,1,1,1
262,0,766,927,235,64,1,1,1,1
262,0,2263,925,39,23,1,1,1,1
262,0,2272,930,30,18,1,1,1,1
263,0,2509,925,32,22,1,1,1,1
263,0,857,944,167,33,1,1,1,1
263,0,776,927,233,64,1,1,1,1
263,0,2262,925,39,23,1,1,1,1
263,0,2272,930,30,18,1,1,1,1
264,0,2510,925,32,22,1,1,1,1
264,0,852,944,168,33,1,1,1,1
264,0,785,927,232,64,1,1,1,1
264,0,2261,925,39,23,1,1,1,1
264,0,2271,930,30,18,1,1,1,1
265,0,2510,925,31,22,1,1,1,1
265,0,847,944,168,33,1,1,1,1
265,0,794,927,230,64,1,1,1,1
265,0,2260,925,39,23,1,1,1,1
265,0,2270,930,30,18,1,1,1,1
266,0,2511,925,31,22,1,1,1,1
266,0,842,944,169,33,1,1,1,1
266,0,803,927,229,64,1,1,1,1
266,0,2259,925,40,23,1,1,1,1
266,0,2269,930,30,18,1,1,1,1
267,0,2512,925,30,22,1,1,1,1
267,0,836,944,169,33,1,1,1,1
267,0,812,927,227,63,1,1,1,1
267,0,2257,925,40,23,1,1,1,1
267,0,2268,930,30,18,1,1,1,1
268,0,2513,925,29,22,1,1,1,1
268,0,831,944,170,33,1,1,1,1
268,0,821,927,226,63,1,1,1,1
268,0,2256,925,40,23,1,1,1,1
268,0,2268,930,30,18,1,1,1,1
269,0,2514,925,28,21,1,1,1,1
269,0,826,943,171,33,1,1,1,1
269,0,830,927,225,63,1,1,1,1
269,0,2255,925,40,23,1,1,1,1
269,0,2267,930,30,18,1,1,1,1
270,0,2515,926,28,21,1,1,1,1
270,0,820,943,171,33,1,1,1,1
270,0,839,927,223,63,1,1,1,1
270,0,2254,925,40,23,1,1,1,1
270,0,2266,930,30,18,1,1,1,1
271,0,2515,926,27,21,1,1,1,1
271,0,815,943,172,34,1,1,1,1
271,0,848,927,222,63,1,1,1,1
271,0,2253,925,40,23,1,1,1,1
271,0,2265,930,30,18,1,1,1,1
272,0,2516,926,26,21,1,1,1,1
272,0,810,943,172,34,1,1,1,1
272,0,858,928,221,63,1,1,1,1
272,0,2252,925,40,23,1,1,1,1
272,0,2264,930,30,18,1,1,1,1
273,0,2517,926,25,20,1,1,1,1
273,0,805,943,173,34,1,1,1,1
273,0,867,928,219,62,1,1,1,1
273,0,2250,925,41,23,1,1,1,1
273,0,2264,930,30,18,1,1,1,1
274,0,2518,926,24,20,1,1,1,1
274,0,799,943,173,34,1,1,1,1
274,0,876,928,218,62,1,1,1,1
274,0,2249,925,41,23,1,1,1,1
274,0,2263,930,30,18,1,1,1,1
275,0,794,943,174,34,1,1,1,1
275,0,885,928,216,62,1,1,1,1
275,0,2248,925,41,23,1,1,1,1
275,0,2262,930,30,18,1,1,1,1
276,0,788,943,175,34,1,1,1,1
276,0,894,928,215,62,1,1,1,1
276,0,2247,926,41,24,1,1,1,1
276,0,2261,930,30,18,1,1,1,1
277,0,783,943,175,34,1,1,1,1
277,0,903,928,214,62,1,1,1,1
277,0,2246,926,41,24,1,1,1,1
277,0,2261,931,30,18,1,1,1,1
278,0,777,943,176,34,1,1,1,1
278,0,912,928,212,62,1,1,1,1
278,0,2245,926,41,24,1,1,1,1
278,0,2260,931,29,18,1,1,1,1
279,0,772,943,177,34,1,1,1,1
279,0,921,928,211,61,1,1,1,1
279,0,2244,926,41,24,1,1,1,1
279,0,2259,931,29,18,1,1,1,1
280,0,766,943,178,35,1,1,1,1
280,0,930,928,209,61,1,1,1,1
280,0,2242,926,42,24,1,1,1,1
280,0,2258,931,29,18,1,1,1,1
281,0,760,943,178,35,1,1,1,1
281,0,939,928,208,61,1,1,1,1
281,0,2241,926,42,24,1,1,1,1
281,0,2257,931,29,18,1,1,1,1
282,0,755,943,179,35,1,1,1,1
282,0,946,928,207,61,1,1,1,1
282,0,2240,926,42,24,1,1,1,1
282,0,2257,931,29,18,1,1,1,1
283,0,749,943,180,35,1,1,1,1
283,0,954,928,207,61,1,1,1,1
283,0,2239,926,42,24,1,1,1,1
283,0,2256,931,29,18,1,1,1,1
284,0,744,942,180,35,1,1,1,1
284,0,961,928,206,61,1,1,1,1
284,0,2238,926,42,24,1,1,1,1
284,0,2255,931,29,18,1,1,1,1
285,0,738,942,181,35,1,1,1,1
285,0,969,928,205,60,1,1,1,1
285,0,2237,926,42,24,1,1,1,1
285,0,2254,931,29,18,1,1,1,1
286,0,733,942,182,35,1,1,1,1
286,0,976,928,205,60,1,1,1,1
286,0,2236,926,43,24,1,1,1,1
286,0,2253,931,29,18,1,1,1,1
287,0,727,942,182,35,1,1,1,1
287,0,984,928,204,60,1,1,1,1
287,0,2234,926,43,24,1,1,1,1
287,0,2253,931,29,18,1,1,1,1
288,0,721,942,183,36,1,1,1,1
288,0,991,928,203,60,1,1,1,1
288,0,2233,926,43,24,1,1,1,1
288,0,2252,931,29,18,1,1,1,1
289,0,716,942,184,36,1,1,1,1
289,0,999,928,203,60,1,1,1,1
289,0,2232,926,43,24,1,1,1,1
289,0,2251,931,29,18,1,1,1,1
290,0,710,942,185,36,1,1,1,1
290,0,1006,928,202,60,1,1,1,1
290,0,2231,926,43,24,1,1,1,1
290,0,2250,931,29,18,1,1,1,1
291,0,705,942,185,36,1,1,1,1
291,0,1014,928,202,60,1,1,1,1
291,0,2230,926,43,24,1,1,1,1
291,0,2250,931,29,18,1,1,1,1
292,0,699,942,186,36,1,1,1,1
292,0,1021,928,201,60,1,1,1,1
292,0,2229,926,43,24,1,1,1,1
292,0,2249,931,29,18,1,1,1,1
293,0,693,942,187,36,1,1,1,1
293,0,1029,928,200,59,1,1,1,1
293,0,2227,926,44,24,1,1,1,1
293,0,2248,931,29,18,1,1,1,1
294,0,687,942,187,36,1,1,1,1
294,0,1036,928,200,59,1,1,1,1
294,0,2226,926,44,24,1,1,1,1
294,0,2247,931,29,18,1,1,1,1
295,0,681,942,188,36,1,1,1,1
295,0,1044,928,199,59,1,1,1,1
295,0,2225,926,44,24,1,1,1,1
295,0,2246,931,29,18,1,1,1,1
296,0,675,942,189,36,1,1,1,1
296,0,1051,928,198,59,1,1,1,1
296,0,2224,926,44,24,1,1,1,1
296,0,2246,931,29,18,1,1,1,1
297,0,669,942,189,36,1,1,1,1
297,0,1059,928,198,59,1,1,1,1
297,0,2223,926,44,24,1,1,1,1
297,0,2245,931,29,18,1,1,1,1
298,0,663,942,190,37,1,1,1,1
298,0,1066,928,197,59,1,1,1,1
298,0,2222,926,44,24,1,1,1,1
298,0,2244,931,29,18,1,1,1,1
299,0,657,942,191,37,1,1,1,1
299,0,1074,928,196,59,1,1,1,1
299,0,2220,926,44,24,1,1,1,1
299,0,2243,931,29,18,1,1,1,1
300,0,651,942,191,37,1,1,1,1
300,0,1081,928,196,59,1,1,1,1
300,0,2219,926,44,24,1,1,1,1
300,0,2242,931,29,18,1,1,1,1
301,0,645,942,192,37,1,1,1,1
301,0,1089,928,195,58,1,1,1,1
301,0,2218,926,44,24,1,1,1,1
301,0,2242,931,29,18,1,1,1,1
302,0,639,942,193,37,1,1,1,1
302,0,1096,928,194,58,1,1,1,1
302,0,2217,926,44,24,1,1,1,1
302,0,2241,931,29,18,1,1,1,1
303,0,633,942,193,37,1,1,1,1
303,0,1104,928,194,58,1,1,1,1
303,0,2216,926,44,24,1,1,1,1
303,0,2240,931,29,18,1,1,1,1
304,0,627,942,194,37,1,1,1,1
304,0,1111,928,193,58,1,1,1,1
304,0,2214,926,44,24,1,1,1,1
304,0,2239,931,29,18,1,1,1,1
305,0,620,942,195,37,1,1,1,1
305,0,1119,928,193,58,1,1,1,1
305,0,2213,926,44,24,1,1,1,1
305,0,2239,931,29,18,1,1,1,1
306,0,614,942,195,37,1,1,1,1
306,0,1126,928,192,58,1,1,1,1
306,0,2212,926,44,24,1,1,1,1
306,0,2238,931,29,18,1,1,1,1
307,0,607,942,196,37,1,1,1,1
307,0,1134,928,191,58,1,1,1,1
307,0,2211,926,44,24,1,1,1,1
307,0,2237,931,29,18,1,1,1,1
308,0,600,942,197,37,1,1,1,1
308,0,1141,928,191,58,1,1,1,1
308,0,2209,926,44,24,1,1,1,1
308,0,2236,931,29,18,1,1,1,1
309,0,594,942,197,37,1,1,1,1
309,0,1149,928,190,57,1,1,1,1
309,0,2208,926,44,24,1,1,1,1
309,0,2235,931,29,18,1,1,1,1
310,0,587,942,198,37,1,1,1,1
310,0,1156,928,189,57,1,1,1,1
310,0,2207,926,44,24,1,1,1,1
310,0,2235,931,29,18,1,1,1,1
311,0,580,942,198,37,1,1,1,1
311,0,1164,928,189,57,1,1,1,1
311,0,2206,926,44,24,1,1,1,1
311,0,2234,931,29,18,1,1,1,1
312,0,573,942,199,37,1,1,1,1
312,0,1171,928,188,57,1,1,1,1
312,0,2205,926,44,24,1,1,1,1
312,0,2233,931,29,18,1,1,1,1
313,0,567,942,200,37,1,1,1,1
313,0,1178,928,187,57,1,1,1,1
313,0,2203,926,44,24,1,1,1,1
313,0,2232,931,29,18,1,1,1,1
314,0,560,942,200,37,1,1,1,1
314,0,1184,928,186,57,1,1,1,1
314,0,2202,926,44,24,1,1,1,1
314,0,2231,931,29,18,1,1,1,1
315,0,553,942,201,37,1,1,1,1
315,0,1191,928,186,57,1,1,1,1
315,0,2201,926,44,25,1,1,1,1
315,0,2231,931,29,18,1,1,1,1
316,0,547,942,202,38,1,1,1,1
316,0,1197,928,185,56,1,1,1,1
316,0,2200,926,43,25,1,1,1,1
316,0,2230,931,29,18,1,1,1,1
317,0,540,942,202,38,1,1,1,1
317,0,1204,928,184,56,1,1,1,1
317,0,2199,926,43,25,1,1,1,1
317,0,2229,931,29,18,1,1,1,1
318,0,533,942,203,38,1,1,1,1
318,0,1211,928,183,56,1,1,1,1
318,0,2197,926,43,25,1,1,1,1
318,0,2228,931,29,18,1,1,1,1
319,0,527,942,203,38,1,1,1,1
319,0,1217,928,183,56,1,1,1,1
319,0,2196,926,43,25,1,1,1,1
319,0,2228,931,29,18,1,1,1,1
320,0,520,942,204,38,1,1,1,1
320,0,1224,928,182,56,1,1,1,1
320,0,2195,926,43,25,1,1,1,1
320,0,2227,931,29,18,1,1,1,1
321,0,513,942,205,38,1,1,1,1
321,0,1230,928,181,56,1,1,1,1
321,0,2194,926,43,25,1,1,1,1
321,0,2226,931,29,18,1,1,1,1
322,0,506,942,205,38,1,1,1,1
322,0,1237,928,180,56,1,1,1,1
322,0,2193,926,43,25,1,1,1,1
322,0,2225,931,29,18,1,1,1,1
323,0,500,942,206,38,1,1,1,1
323,0,1243,928,179,55,1,1,1,1
323,0,2191,926,43,25,1,1,1,1
323,0,2224,931,29,18,1,1,1,1
324,0,493,942,207,38,1,1,1,1
324,0,1250,928,179,55,1,1,1,1
324,0,2190,926,43,25,1,1,1,1
324,0,2224,931,29,18,1,1,1,1
325,0,486,942,207,38,1,1,1,1
325,0,1257,928,178,55,1,1,1,1
325,0,2189,926,43,25,1,1,1,1
325,0,2223,931,29,18,1,1,1,1
326,0,480,942,208,38,1,1,1,1
326,0,1263,928,177,55,1,1,1,1
326,0,2188,926,43,25,1,1,1,1
326,0,2222,931,29,18,1,1,1,1
327,0,473,942,209,38,1,1,1,1
327,0,1270,928,176,55,1,1,1,1
327,0,2186,926,43,25,1,1,1,1
327,0,2223,931,30,18,1,1,1,1
328,0,466,942,209,38,1,1,1,1
328,0,1276,928,176,55,1,1,1,1
328,0,2185,926,43,25,1,1,1,1
328,0,2223,931,30,18,1,1,1,1
329,0,460,942,210,38,1,1,1,1
329,0,1283,928,175,55,1,1,1,1
329,0,2184,926,43,25,1,1,1,1
329,0,2222,931,30,18,1,1,1,1
330,0,453,942,210,38,1,1,1,1
330,0,1290,928,174,55,1,1,1,1
330,0,2183,926,43,25,1,1,1,1
330,0,2221,931,30,18,1,1,1,1
331,0,446,942,211,38,1,1,1,1
331,0,1296,927,173,54,1,1,1,1
331,0,2182,926,43,25,1,1,1,1
331,0,2221,931,30,18,1,1,1,1
332,0,440,942,212,38,1,1,1,1
332,0,1303,927,172,54,1,1,1,1
332,0,2180,926,43,25,1,1,1,1
332,0,2220,931,30,18,1,1,1,1
333,0,433,942,212,38,1,1,1,1
333,0,1309,927,172,54,1,1,1,1
333,0,2179,926,43,25,1,1,1,1
333,0,2219,931,29,18,1,1,1,1
334,0,426,942,213,38,1,1,1,1
334,0,1316,927,171,54,1,1,1,1
334,0,2178,926,43,25,1,1,1,1
334,0,2218,931,29,18,1,1,1,1
335,0,419,942,214,38,1,1,1,1
335,0,1322,927,170,54,1,1,1,1
335,0,2177,926,43,25,1,1,1,1
335,0,2217,931,29,18,1,1,1,1
336,0,413,942,214,38,1,1,1,1
336,0,1329,927,169,54,1,1,1,1
336,0,2175,926,43,25,1,1,1,1
336,0,2216,931,29,18,1,1,1,1
337,0,406,942,215,38,1,1,1,1
337,0,1336,927,169,54,1,1,1,1
337,0,2174,926,43,25,1,1,1,1
337,0,2216,931,29,18,1,1,1,1
338,0,399,942,215,38,1,1,1,1
338,0,1342,927,168,53,1,1,1,1
338,0,2173,926,43,25,1,1,1,1
338,0,2215,931,29,18,1,1,1,1
339,0,393,942,216,39,1,1,1,1
339,0,1349,927,167,53,1,1,1,1
339,0,2171,926,43,25,1,1,1,1
339,0,2214,931,29,18,1,1,1,1
340,0,386,942,217,39,1,1,1,1
340,0,1355,927,166,53,1,1,1,1
340,0,2170,926,44,25,1,1,1,1
340,0,2213,931,29,18,1,1,1,1
341,0,379,942,217,39,1,1,1,1
341,0,1362,927,165,53,1,1,1,1
341,0,2169,926,44,25,1,1,1,1
341,0,2212,931,28,18,1,1,1,1
342,0,373,942,218,39,1,1,1,1
342,0,1369,927,165,53,1,1,1,1
342,0,2168,926,44,25,1,1,1,1
342,0,2211,931,28,18,1,1,1,1
343,0,366,942,219,39,1,1,1,1
343,0,1375,927,164,53,1,1,1,1
343,0,2166,926,44,25,1,1,1,1
343,0,2211,931,28,18,1,1,1,1
344,0,359,942,219,39,1,1,1,1
344,0,1382,927,163,53,1,1,1,1
344,0,2165,926,44,25,1,1,1,1
344,0,2210,931,28,18,1,1,1,1
345,0,352,942,220,39,1,1,1,1
345,0,1388,927,162,52,1,1,1,1
345,0,2164,926,44,25,1,1,1,1
345,0,2209,931,28,18,1,1,1,1
346,0,346,942,220,39,1,1,1,1
346,0,1395,927,162,52,1,1,1,1
346,0,2162,926,44,25,1,1,1,1
346,0,2208,931,28,18,1,1,1,1
347,0,339,942,221,39,1,1,1,1
347,0,1401,927,161,52,1,1,1,1
347,0,2161,926,44,25,1,1,1,1
347,0,2207,931,29,18,1,1,1,1
348,0,332,942,222,39,1,1,1,1
348,0,1408,927,160,52,1,1,1,1
348,0,2160,926,44,25,1,1,1,1
348,0,2206,931,29,18,1,1,1,1
349,0,326,942,222,39,1,1,1,1
349,0,1414,927,159,52,1,1,1,1
349,0,2158,926,44,25,1,1,1,1
349,0,2205,931,30,18,1,1,1,1
350,0,319,942,223,39,1,1,1,1
350,0,1419,927,159,52,1,1,1,1
350,0,2157,926,44,25,1,1,1,1
350,0,2203,931,30,18,1,1,1,1
351,0,311,942,224,39,1,1,1,1
351,0,1425,927,158,52,1,1,1,1
351,0,2156,926,44,25,1,1,1,1
351,0,2202,931,30,18,1,1,1,1
352,0,304,942,224,39,1,1,1,1
352,0,1430,927,157,51,1,1,1,1
352,0,2155,926,45,25,1,1,1,1
352,0,2201,931,31,18,1,1,1,1
353,0,296,942,225,39,1,1,1,1
353,0,1436,927,157,51,1,1,1,1
353,0,2153,926,45,25,1,1,1,1
353,0,2200,931,31,18,1,1,1,1
354,0,288,942,226,39,1,1,1,1
354,0,1441,927,156,51,1,1,1,1
354,0,2152,926,45,25,1,1,1,1
354,0,2199,931,31,18,1,1,1,1
355,0,281,942,227,39,1,1,1,1
355,0,1447,927,155,51,1,1,1,1
355,0,2151,926,45,25,1,1,1,1
355,0,2198,931,31,18,1,1,1,1
356,0,273,942,227,39,1,1,1,1
356,0,1453,927,155,51,1,1,1,1
356,0,2149,926,45,25,1,1,1,1
356,0,2197,931,32,18,1,1,1,1
357,0,265,942,228,39,1,1,1,1
357,0,1458,927,154,51,1,1,1,1
357,0,2148,926,45,25,1,1,1,1
357,0,2196,931,32,18,1,1,1,1
358,0,258,942,229,39,1,1,1,1
358,0,1464,927,154,51,1,1,1,1
358,0,2146,926,45,25,1,1,1,1
358,0,2195,931,32,18,1,1,1,1
359,0,250,942,229,39,1,1,1,1
359,0,1469,927,153,51,1,1,1,1
359,0,2145,926,45,25,1,1,1,1
359,0,2194,931,32,18,1,1,1,1
360,0,242,942,230,39,1,1,1,1
360,0,1475,927,152,50,1,1,1,1
360,0,2143,926,45,25,1,1,1,1
360,0,2193,931,33,18,1,1,1,1
361,0,235,942,231,39,1,1,1,1
361,0,1481,927,152,50,1,1,1,1
361,0,2142,926,46,25,1,1,1,1
361,0,2192,931,33,18,1,1,1,1
362,0,227,942,232,39,1,1,1,1
362,0,1486,927,151,50,1,1,1,1
362,0,2140,926,46,25,1,1,1,1
362,0,2191,931,33,18,1,1,1,1
363,0,219,942,232,39,1,1,1,1
363,0,1492,927,150,50,1,1,1,1
363,0,2139,926,46,25,1,1,1,1
363,0,2190,931,33,18,1,1,1,1
364,0,212,942,233,39,1,1,1,1
364,0,1497,927,150,50,1,1,1,1
364,0,2137,926,46,25,1,1,1,1
364,0,2189,931,33,18,1,1,1,1
365,0,204,942,234,39,1,1,1,1
365,0,1503,927,149,50,1,1,1,1
365,0,2136,926,46,25,1,1,1,1
365,0,2189,931,34,18,1,1,1,1
366,0,196,942,234,39,1,1,1,1
366,0,1508,927,148,50,1,1,1,1
366,0,2134,926,46,25,1,1,1,1
366,0,2188,931,34,18,1,1,1,1
367,0,189,942,235,39,1,1,1,1
367,0,1514,927,148,50,1,1,1,1
367,0,2132,926,47,25,1,1,1,1
367,0,2187,931,34,18,1,1,1,1
368,0,181,942,236,39,1,1,1,1
368,0,1520,927,147,49,1,1,1,1
368,0,2131,926,47,25,1,1,1,1
368,0,2186,931,34,18,1,1,1,1
369,0,173,942,236,39,1,1,1,1
369,0,1525,927,146,49,1,1,1,1
369,0,2129,926,47,25,1,1,1,1
369,0,2185,931,34,18,1,1,1,1
370,0,166,942,237,39,1,1,1,1
370,0,1531,927,146,49,1,1,1,1
370,0,2128,926,47,25,1,1,1,1
370,0,2184,931,35,18,1,1,1,1
371,0,158,942,238,39,1,1,1,1
371,0,1536,927,145,49,1,1,1,1
371,0,2126,926,47,25,1,1,1,1
371,0,2183,931,35,18,1,1,1,1
372,0,150,942,239,39,1,1,1,1
372,0,1542,927,145,49,1,1,1,1
372,0,2125,926,47,25,1,1,1,1
372,0,2182,931,35,18,1,1,1,1
373,0,143,942,239,39,1,1,1,1
373,0,1548,927,144,49,1,1,1,1
373,0,2123,926,47,25,1,1,1,1
373,0,2181,931,35,18,1,1,1,1
374,0,135,942,240,39,1,1,1,1
374,0,1553,927,143,49,1,1,1,1
374,0,2122,926,48,25,1,1,1,1
374,0,2180,931,36,18,1,1,1,1
375,0,126,942,241,39,1,1,1,1
375,0,1559,927,143,49,1,1,1,1
375,0,2120,926,48,25,1,1,1,1
375,0,2179,931,36,18,1,1,1,1
376,0,118,942,242,39,1,1,1,1
376,0,1564,927,142,48,1,1,1,1
376,0,2119,926,48,25,1,1,1,1
376,0,2178,931,36,18,1,1,1,1
377,0,109,942,244,39,1,1,1,1
377,0,1570,927,141,48,1,1,1,1
377,0,2117,926,48,26,1,1,1,1
377,0,2177,931,36,18,1,1,1,1
378,0,100,942,245,39,1,1,1,1
378,0,1575,927,141,48,1,1,1,1
378,0,2115,926,48,26,1,1,1,1
378,0,2176,931,36,18,1,1,1,1
379,0,92,942,246,39,1,1,1,1
379,0,1581,927,140,48,1,1,1,1
379,0,2114,926,48,26,1,1,1,1
379,0,2175,931,36,18,1,1,1,1
380,0,83,942,247,39,1,1,1,1
380,0,1586,927,139,48,1,1,1,1
380,0,2112,926,49,26,1,1,1,1
380,0,2174,931,36,18,1,1,1,1
381,0,74,942,248,39,1,1,1,1
381,0,1591,927,139,48,1,1,1,1
381,0,2111,926,49,26,1,1,1,1
381,0,2172,931,36,18,1,1,1,1
382,0,66,943,250,40,1,1,1,1
382,0,1596,927,138,48,1,1,1,1
382,0,2109,926,49,26,1,1,1,1
382,0,2171,931,37,18,1,1,1,1
383,0,57,943,251,40,1,1,1,1
383,0,1601,927,138,48,1,1,1,1
383,0,2108,926,49,26,1,1,1,1
383,0,2170,931,37,18,1,1,1,1
384,0,48,943,252,40,1,1,1,1
384,0,1606,927,137,47,1,1,1,1
384,0,2106,926,49,26,1,1,1,1
384,0,2169,931,37,18,1,1,1,1
385,0,40,943,253,40,1,1,1,1
385,0,1611,927,137,47,1,1,1,1
385,0,2105,926,49,26,1,1,1,1
385,0,2168,931,37,18,1,1,1,1
386,0,31,943,254,40,1,1,1,1
386,0,1616,927,136,47,1,1,1,1
386,0,2103,926,49,26,1,1,1,1
386,0,2167,931,37,18,1,1,1,1
387,0,22,943,256,40,1,1,1,1
387,0,1621,927,136,47,1,1,1,1
387,0,2101,926,50,26,1,1,1,1
387,0,2166,931,37,18,1,1,1,1
388,0,14,943,257,40,1,1,1,1
388,0,1626,927,135,47,1,1,1,1
388,0,2100,926,50,26,1,1,1,1
388,0,2165,931,37,18,1,1,1,1
389,0,5,943,258,40,1,1,1,1
389,0,1631,927,134,47,1,1,1,1
389,0,2098,926,50,26,1,1,1,1
389,0,2163,931,37,18,1,1,1,1
390,0,3,943,253,40,1,1,1,1
390,0,1636,927,134,47,1,1,1,1
390,0,2097,926,50,26,1,1,1,1
390,0,2162,931,37,18,1,1,1,1
391,0,0,943,247,40,1,1,1,1
391,0,1641,927,133,47,1,1,1,1
391,0,2095,926,50,26,1,1,1,1
391,0,2161,931,37,18,1,1,1,1
392,0,0,943,239,40,1,1,1,1
392,0,1646,927,133,46,1,1,1,1
392,0,2094,926,50,26,1,1,1,1
392,0,2160,931,38,18,1,1,1,1
393,0,0,943,232,40,1,1,1,1
393,0,1651,927,132,46,1,1,1,1
393,0,2092,926,51,26,1,1,1,1
393,0,2159,931,38,18,1,1,1,1
394,0,0,943,224,40,1,1,1,1
394,0,1656,927,132,46,1,1,1,1
394,0,2091,926,51,26,1,1,1,1
394,0,2158,931,38,18,1,1,1,1
395,0,0,943,217,40,1,1,1,1
395,0,1661,927,131,46,1,1,1,1
395,0,2089,926,51,26,1,1,1,1
395,0,2157,931,38,18,1,1,1,1
396,0,0,943,209,40,1,1,1,1
396,0,1665,927,130,46,1,1,1,1
396,0,2088,927,51,26,1,1,1,1
396,0,2156,931,38,18,1,1,1,1
397,0,0,943,201,40,1,1,1,1
397,0,1670,927,130,46,1,1,1,1
397,0,2086,927,51,26,1,1,1,1
397,0,2155,932,38,18,1,1,1,1
398,0,0,943,193,40,1,1,1,1
398,0,1674,927,129,46,1,1,1,1
398,0,2084,927,51,26,1,1,1,1
398,0,2153,932,38,18,1,1,1,1
399,0,0,943,185,40,1,1,1,1
399,0,1679,927,128,46,1,1,1,1
399,0,2083,927,51,26,1,1,1,1
399,0,2152,932,38,18,1,1,1,1
400,0,0,943,177,40,1,1,1,1
400,0,1683,927,127,46,1,1,1,1
400,0,2081,927,52,26,1,1,1,1
400,0,2151,932,38,18,1,1,1,1
401,0,0,943,169,39,1,1,1,1
401,0,1688,927,127,46,1,1,1,1
401,0,2080,927,52,26,1,1,1,1
401,0,2150,932,38,18,1,1,1,1
402,0,0,943,161,39,1,1,1,1
402,0,1692,927,126,46,1,1,1,1
402,0,2078,927,52,26,1,1,1,1
402,0,2149,932,38,18,1,1,1,1
403,0,0,943,153,39,1,1,1,1
403,0,1697,927,125,46,1,1,1,1
403,0,2077,927,52,26,1,1,1,1
403,0,2148,932,39,18,1,1,1,1
404,0,0,943,145,39,1,1,1,1
404,0,1701,927,124,46,1,1,1,1
404,0,2075,927,52,26,1,1,1,1
404,0,2147,932,39,18,1,1,1,1
405,0,0,943,137,39,1,1,1,1
405,0,1706,927,124,45,1,1,1,1
405,0,2074,927,52,26,1,1,1,1
405,0,2146,932,39,18,1,1,1,1
406,0,0,943,128,39,1,1,1,1
406,0,1710,927,123,45,1,1,1,1
406,0,2072,927,53,26,1,1,1,1
406,0,2144,932,39,18,1,1,1,1
407,0,0,943,119,39,1,1,1,1
407,0,1715,927,122,45,1,1,1,1
407,0,2070,927,53,26,1,1,1,1
407,0,2143,932,39,18,1,1,1,1
408,0,0,943,110,39,1,1,1,1
408,0,1719,927,121,45,1,1,1,1
408,0,2069,927,53,26,1,1,1,1
408,0,2142,932,39,18,1,1,1,1
409,0,0,943,101,39,1,1,1,1
409,0,1724,927,121,45,1,1,1,1
409,0,2067,927,53,26,1,1,1,1
409,0,2141,932,39,18,1,1,1,1
410,0,0,943,92,39,1,1,1,1
410,0,1728,927,120,45,1,1,1,1
410,0,2066,927,53,26,1,1,1,1
410,0,2140,932,39,18,1,1,1,1
411,0,0,943,84,39,1,1,1,1
411,0,1733,927,119,45,1,1,1,1
411,0,2064,927,53,26,1,1,1,1
411,0,2139,932,39,18,1,1,1,1
412,0,0,943,75,39,1,1,1,1
412,0,1737,927,118,45,1,1,1,1
412,0,2063,927,53,26,1,1,1,1
412,0,2138,932,39,18,1,1,1,1
413,0,0,943,66,39,1,1,1,1
413,0,1742,927,118,45,1,1,1,1
413,0,2061,927,54,26,1,1,1,1
413,0,2137,932,40,18,1,1,1,1
414,0,0,943,57,39,1,1,1,1
414,0,1746,927,117,45,1,1,1,1
414,0,2060,927,54,26,1,1,1,1
414,0,2135,932,40,18,1,1,1,1
415,0,0,943,48,39,1,1,1,1
415,0,1750,927,117,45,1,1,1,1
415,0,2058,927,54,26,1,1,1,1
415,0,2134,932,40,18,1,1,1,1
416,0,0,943,39,39,1,1,1,1
416,0,1754,927,116,45,1,1,1,1
416,0,2056,927,54,27,1,1,1,1
416,0,2133,932,40,18,1,1,1,1
417,0,0,945,31,37,1,1,1,1
417,0,1758,927,116,45,1,1,1,1
417,0,2055,927,54,27,1,1,1,1
417,0,2132,932,40,18,1,1,1,1
418,0,0,946,23,35,1,1,1,1
418,0,1762,927,115,45,1,1,1,1
418,0,2053,927,54,27,1,1,1,1
418,0,2131,932,40,19,1,1,1,1
419,0,1766,927,115,45,1,1,1,1
419,0,2052,927,55,27,1,1,1,1
419,0,2130,932,40,19,1,1,1,1
420,0,1770,927,115,45,1,1,1,1
420,0,2050,927,55,27,1,1,1,1
420,0,2129,932,40,19,1,1,1,1
421,0,1774,927,114,45,1,1,1,1
421,0,2049,927,55,27,1,1,1,1
421,0,2128,932,40,19,1,1,1,1
422,0,1778,927,114,45,1,1,1,1
422,0,2047,927,55,27,1,1,1,1
422,0,2127,932,40,19,1,1,1,1
423,0,1782,927,114,45,1,1,1,1
423,0,2046,927,55,27,1,1,1,1
423,0,2125,932,40,19,1,1,1,1
424,0,1786,927,113,45,1,1,1,1
424,0,2044,927,55,27,1,1,1,1
424,0,2124,932,41,19,1,1,1,1
425,0,1791,926,113,44,1,1,1,1
425,0,2043,927,55,27,1,1,1,1
425,0,2123,932,41,19,1,1,1,1
426,0,1795,926,112,44,1,1,1,1
426,0,2041,927,56,27,1,1,1,1
426,0,2122,932,41,19,1,1,1,1
427,0,1799,926,112,44,1,1,1,1
427,0,2039,927,56,27,1,1,1,1
427,0,2121,932,41,19,1,1,1,1
428,0,1803,926,112,44,1,1,1,1
428,0,2038,927,56,27,1,1,1,1
428,0,2120,932,41,19,1,1,1,1
429,0,1807,926,111,44,1,1,1,1
429,0,2036,927,56,27,1,1,1,1
429,0,2119,932,41,19,1,1,1,1
430,0,1811,926,111,44,1,1,1,1
430,0,2035,927,56,27,1,1,1,1
430,0,2118,932,41,19,1,1,1,1
431,0,1815,926,111,44,1,1,1,1
431,0,2033,927,56,27,1,1,1,1
431,0,2116,932,41,19,1,1,1,1
432,0,1819,926,110,44,1,1,1,1
432,0,2032,927,57,27,1,1,1,1
432,0,2115,932,41,19,1,1,1,1
433,0,1823,926,110,44,1,1,1,1
433,0,2030,927,57,27,1,1,1,1
433,0,2114,932,41,19,1,1,1,1
434,0,1827,926,109,44,1,1,1,1
434,0,2029,927,57,27,1,1,1,1
434,0,2113,932,42,19,1,1,1,1
435,0,1831,926,109,44,1,1,1,1
435,0,2027,927,57,27,1,1,1,1
435,0,2112,932,42,19,1,1,1,1
436,0,1834,926,109,44,1,1,1,1
436,0,2025,927,57,27,1,1,1,1
436,0,2111,932,42,19,1,1,1,1
437,0,1838,926,108,44,1,1,1,1
437,0,2023,927,57,27,1,1,1,1
437,0,2110,932,42,19,1,1,1,1
438,0,1841,926,108,44,1,1,1,1
438,0,2021,927,57,27,1,1,1,1
438,0,2109,932,42,19,1,1,1,1
439,0,1845,926,107,44,1,1,1,1
439,0,2020,927,58,27,1,1,1,1
439,0,2108,933,42,19,1,1,1,1
440,0,1848,926,107,44,1,1,1,1
440,0,2018,927,58,27,1,1,1,1
440,0,2106,933,42,19,1,1,1,1
441,0,1852,926,106,44,1,1,1,1
441,0,2016,927,58,27,1,1,1,1
441,0,2105,933,42,19,1,1,1,1
442,0,1855,926,106,43,1,1,1,1
442,0,2014,927,58,27,1,1,1,1
442,0,2104,933,42,19,1,1,1,1
443,0,1859,926,105,43,1,1,1,1
443,0,2012,927,58,27,1,1,1,1
443,0,2103,933,42,19,1,1,1,1
444,0,1862,926,105,43,1,1,1,1
444,0,2010,927,58,27,1,1,1,1
444,0,2102,933,42,19,1,1,1,1
445,0,1866,926,105,43,1,1,1,1
445,0,2008,927,59,27,1,1,1,1
445,0,2101,933,43,19,1,1,1,1
446,0,1869,926,104,43,1,1,1,1
446,0,2007,927,59,27,1,1,1,1
446,0,2100,933,43,19,1,1,1,1
447,0,1873,926,104,43,1,1,1,1
447,0,2005,927,59,27,1,1,1,1
447,0,2099,933,43,19,1,1,1,1
448,0,1876,926,103,43,1,1,1,1
448,0,2003,927,59,27,1,1,1,1
448,0,2097,933,43,19,1,1,1,1
449,0,1880,926,103,43,1,1,1,1
449,0,2001,927,59,27,1,1,1,1
449,0,2096,933,43,19,1,1,1,1
450,0,1883,926,102,43,1,1,1,1
450,0,1999,927,59,27,1,1,1,1
450,0,2095,933,43,19,1,1,1,1
451,0,1887,926,102,43,1,1,1,1
451,0,1997,928,60,28,1,1,1,1
451,0,2094,933,43,19,1,1,1,1
452,0,1890,926,102,43,1,1,1,1
452,0,1996,928,60,28,1,1,1,1
452,0,2093,933,43,19,1,1,1,1
453,0,1894,926,101,43,1,1,1,1
453,0,1994,928,60,28,1,1,1,1
453,0,2092,933,43,19,1,1,1,1
454,0,1897,926,101,42,1,1,1,1
454,0,1992,928,60,28,1,1,1,1
454,0,2091,933,43,19,1,1,1,1
455,0,1901,926,100,42,1,1,1,1
455,0,1990,928,60,28,1,1,1,1
455,0,2090,933,44,19,1,1,1,1
456,0,1904,926,100,42,1,1,1,1
456,0,1988,928,60,28,1,1,1,1
456,0,2088,933,44,19,1,1,1,1
457,0,1908,926,99,42,1,1,1,1
457,0,1986,928,61,28,1,1,1,1
457,0,2087,933,44,19,1,1,1,1
458,0,1911,926,99,42,1,1,1,1
458,0,1984,928,61,28,1,1,1,1
458,0,2086,933,44,19,1,1,1,1
459,0,1915,926,98,42,1,1,1,1
459,0,1983,928,61,28,1,1,1,1
459,0,2085,933,44,19,1,1,1,1
460,0,1918,926,98,42,1,1,1,1
460,0,1981,928,61,28,1,1,1,1
460,0,2084,933,44,19,1,1,1,1
461,0,1921,926,98,42,1,1,1,1
461,0,1979,928,61,28,1,1,1,1
461,0,2083,933,44,19,1,1,1,1
462,0,1924,926,97,42,1,1,1,1
462,0,1977,928,61,28,1,1,1,1
462,0,2082,933,44,19,1,1,1,1
463,0,1927,926,97,42,1,1,1,1
463,0,1975,928,62,28,1,1,1,1
463,0,2081,933,44,19,1,1,1,1
464,0,1930,926,97,42,1,1,1,1
464,0,1973,928,62,28,1,1,1,1
464,0,2079,933,44,19,1,1,1,1
465,0,1933,926,97,42,1,1,1,1
465,0,1971,928,62,28,1,1,1,1
465,0,2078,933,43,19,1,1,1,1
466,0,1936,926,96,42,1,1,1,1
466,0,1970,928,62,28,1,1,1,1
466,0,2077,933,43,19,1,1,1,1
467,0,1939,926,96,42,1,1,1,1
467,0,1968,928,62,28,1,1,1,1
467,0,2076,933,43,19,1,1,1,1
468,0,1942,926,96,41,1,1,1,1
468,0,1966,928,62,28,1,1,1,1
468,0,2075,933,43,19,1,1,1,1
469,0,1945,926,96,41,1,1,1,1
469,0,1964,928,63,28,1,1,1,1
469,0,2074,933,43,19,1,1,1,1
470,0,1948,926,95,41,1,1,1,1
470,0,1962,928,63,28,1,1,1,1
470,0,2072,933,43,19,1,1,1,1
471,0,1951,926,95,41,1,1,1,1
471,0,1960,928,63,28,1,1,1,1
471,0,2071,933,43,19,1,1,1,1
472,0,1953,926,95,41,1,1,1,1
472,0,1958,928,63,28,1,1,1,1
472,0,2070,933,43,19,1,1,1,1
473,0,1956,926,95,41,1,1,1,1
473,0,1957,928,63,28,1,1,1,1
473,0,2069,933,43,19,1,1,1,1
474,0,1959,926,94,41,1,1,1,1
474,0,1955,928,63,28,1,1,1,1
474,0,2068,933,42,19,1,1,1,1
475,0,1962,926,94,41,1,1,1,1
475,0,1953,928,64,28,1,1,1,1
475,0,2067,933,42,19,1,1,1,1
476,0,1965,926,94,41,1,1,1,1
476,0,1951,928,64,28,1,1,1,1
476,0,2065,934,42,19,1,1,1,1
477,0,1968,926,93,41,1,1,1,1
477,0,1949,928,64,28,1,1,1,1
477,0,2064,934,42,19,1,1,1,1
478,0,1971,926,93,41,1,1,1,1
478,0,1947,928,64,28,1,1,1,1
478,0,2063,934,42,19,1,1,1,1
479,0,1974,926,93,41,1,1,1,1
479,0,1945,928,64,28,1,1,1,1
479,0,2062,934,42,19,1,1,1,1
480,0,1977,926,93,41,1,1,1,1
480,0,1944,928,64,28,1,1,1,1
480,0,2061,934,42,19,1,1,1,1
481,0,1980,926,92,41,1,1,1,1
481,0,1942,929,65,29,1,1,1,1
481,0,2060,934,42,19,1,1,1,1
482,0,1983,926,92,41,1,1,1,1
482,0,1940,929,65,29,1,1,1,1
482,0,2058,934,42,19,1,1,1,1
483,0,1986,925,92,40,1,1,1,1
483,0,1938,929,65,29,1,1,1,1
483,0,2057,934,41,19,1,1,1,1
484,0,1989,925,92,40,1,1,1,1
484,0,1936,929,65,29,1,1,1,1
484,0,2056,934,41,19,1,1,1,1
485,0,1992,925,91,40,1,1,1,1
485,0,1934,929,65,29,1,1,1,1
485,0,2055,934,41,19,1,1,1,1
486,0,1995,925,91,40,1,1,1,1
486,0,1933,929,65,29,1,1,1,1
486,0,2054,934,41,19,1,1,1,1
487,0,1998,925,91,40,1,1,1,1
487,0,1931,929,66,29,1,1,1,1
487,0,2053,934,41,19,1,1,1,1
488,0,2001,925,91,40,1,1,1,1
488,0,1929,929,66,29,1,1,1,1
488,0,2051,934,41,19,1,1,1,1
489,0,2004,925,90,40,1,1,1,1
489,0,1927,929,66,29,1,1,1,1
489,0,2050,934,41,19,1,1,1,1
490,0,2007,925,90,40,1,1,1,1
490,0,1925,929,66,29,1,1,1,1
490,0,2049,934,41,19,1,1,1,1
491,0,2010,925,90,40,1,1,1,1
491,0,1923,929,66,29,1,1,1,1
491,0,2048,934,41,20,1,1,1,1
492,0,2013,925,89,40,1,1,1,1
492,0,1921,929,66,29,1,1,1,1
492,0,2047,934,40,20,1,1,1,1
493,0,2016,925,89,40,1,1,1,1
493,0,1920,929,67,29,1,1,1,1
493,0,2046,934,40,20,1,1,1,1
494,0,2018,925,89,40,1,1,1,1
494,0,1918,929,67,29,1,1,1,1
494,0,2045,934,40,20,1,1,1,1
495,0,2021,925,89,40,1,1,1,1
495,0,1916,929,67,29,1,1,1,1
495,0,2043,934,40,20,1,1,1,1
496,0,2024,925,88,40,1,1,1,1
496,0,1914,929,67,29,1,1,1,1
496,0,2042,934,40,20,1,1,1,1
497,0,2027,925,88,40,1,1,1,1
497,0,1912,929,67,29,1,1,1,1
497,0,2041,934,40,20,1,1,1,1
498,0,2030,925,88,39,1,1,1,1
498,0,1910,929,67,29,1,1,1,1
498,0,2040,934,40,20,1,1,1,1
499,0,2033,925,88,39,1,1,1,1
499,0,1908,929,67,29,1,1,1,1
499,0,2039,934,40,20,1,1,1,1
500,0,2036,925,87,39,1,1,1,1
500,0,1906,929,67,29,1,1,1,1
500,0,2038,934,39,20,1,1,1,1
501,0,2039,925,87,39,1,1,1,1
501,0,1904,929,67,29,1,1,1,1
501,0,2036,934,39,20,1,1,1,1
502,0,2042,925,87,39,1,1,1,1
502,0,1902,929,66,29,1,1,1,1
502,0,2035,934,39,20,1,1,1,1
503,0,2045,925,87,39,1,1,1,1
503,0,1900,929,66,29,1,1,1,1
503,0,2034,934,39,20,1,1,1,1
504,0,2048,925,86,39,1,1,1,1
504,0,1898,929,66,29,1,1,1,1
504,0,2033,934,39,20,1,1,1,1
505,0,2051,925,86,39,1,1,1,1
505,0,1896,929,66,29,1,1,1,1
505,0,2032,934,39,20,1,1,1,1
506,0,2053,925,86,39,1,1,1,1
506,0,1894,929,66,29,1,1,1,1
506,0,2031,934,39,20,1,1,1,1
507,0,2056,925,86,39,1,1,1,1
507,0,1892,929,66,29,1,1,1,1
507,0,2029,935,39,20,1,1,1,1
508,0,2058,925,85,39,1,1,1,1
508,0,1889,929,66,30,1,1,1,1
508,0,2028,935,39,20,1,1,1,1
509,0,2061,925,85,39,1,1,1,1
509,0,1887,929,66,30,1,1,1,1
509,0,2027,935,38,20,1,1,1,1
510,0,2063,925,85,39,1,1,1,1
510,0,1885,929,66,30,1,1,1,1
510,0,2026,935,38,20,1,1,1,1
511,0,2066,925,85,39,1,1,1,1
511,0,1883,929,66,30,1,1,1,1
511,0,2025,935,38,20,1,1,1,1
512,0,2068,925,84,38,1,1,1,1
512,0,1881,929,66,30,1,1,1,1
512,0,2024,935,38,20,1,1,1,1
513,0,2071,925,84,38,1,1,1,1
513,0,1879,929,66,30,1,1,1,1
513,0,2022,935,38,20,1,1,1,1
514,0,2073,925,84,38,1,1,1,1
514,0,1877,929,65,30,1,1,1,1
514,0,2021,935,38,20,1,1,1,1
515,0,2076,925,84,38,1,1,1,1
515,0,1875,929,65,30,1,1,1,1
515,0,2020,935,38,20,1,1,1,1
516,0,2078,925,83,38,1,1,1,1
516,0,1873,929,65,30,1,1,1,1
516,0,2019,935,38,20,1,1,1,1
517,0,2081,925,83,38,1,1,1,1
517,0,1871,929,65,30,1,1,1,1
517,0,2018,935,38,20,1,1,1,1
518,0,2083,925,83,38,1,1,1,1
518,0,1869,929,65,30,1,1,1,1
518,0,2017,935,37,20,1,1,1,1
519,0,2086,925,83,38,1,1,1,1
519,0,1867,929,65,30,1,1,1,1
519,0,2015,935,37,20,1,1,1,1
520,0,2088,925,82,38,1,1,1,1
520,0,1865,929,65,30,1,1,1,1
520,0,2014,935,37,20,1,1,1,1
521,0,2091,925,82,38,1,1,1,1
521,0,1862,929,66,30,1,1,1,1
521,0,2013,935,37,20,1,1,1,1
522,0,2093,925,82,38,1,1,1,1
522,0,1860,929,66,30,1,1,1,1
522,0,2012,935,37,20,1,1,1,1
523,0,2096,925,82,38,1,1,1,1
523,0,1857,929,66,30,1,1,1,1
523,0,2011,935,37,20,1,1,1,1
524,0,2098,925,82,38,1,1,1,1
524,0,1855,929,67,30,1,1,1,1
524,0,2009,935,37,20,1,1,1,1
525,0,2100,924,81,37,1,1,1,1
525,0,1852,929,67,30,1,1,1,1
525,0,2008,935,37,20,1,1,1,1
526,0,2103,924,81,37,1,1,1,1
526,0,1850,929,67,30,1,1,1,1
526,0,2007,935,38,20,1,1,1,1
527,0,2105,924,81,37,1,1,1,1
527,0,1847,929,68,30,1,1,1,1
527,0,2005,935,38,20,1,1,1,1
528,0,2108,924,81,37,1,1,1,1
528,0,1845,929,68,30,1,1,1,1
528,0,2004,935,38,20,1,1,1,1
529,0,2110,924,80,37,1,1,1,1
529,0,1843,929,69,30,1,1,1,1
529,0,2003,935,38,20,1,1,1,1
530,0,2113,924,80,37,1,1,1,1
530,0,1840,929,69,30,1,1,1,1
530,0,2001,935,38,20,1,1,1,1
531,0,2115,924,80,37,1,1,1,1
531,0,1838,929,69,30,1,1,1,1
531,0,2000,935,38,20,1,1,1,1
532,0,2118,924,80,37,1,1,1,1
532,0,1835,929,70,30,1,1,1,1
532,0,1999,935,39,20,1,1,1,1
533,0,2120,924,79,37,1,1,1,1
533,0,1833,929,70,30,1,1,1,1
533,0,1997,935,39,20,1,1,1,1
534,0,2123,924,79,37,1,1,1,1
534,0,1830,929,70,30,1,1,1,1
534,0,1996,935,39,20,1,1,1,1
535,0,2125,924,79,37,1,1,1,1
535,0,1828,929,71,30,1,1,1,1
535,0,1995,935,39,20,1,1,1,1
536,0,2128,924,79,37,1,1,1,1
536,0,1825,929,71,30,1,1,1,1
536,0,1993,935,39,20,1,1,1,1
537,0,2130,924,78,36,1,1,1,1
537,0,1823,929,71,30,1,1,1,1
537,0,1992,935,39,20,1,1,1,1
538,0,2133,924,78,36,1,1,1,1
538,0,1820,929,72,30,1,1,1,1
538,0,1991,935,40,20,1,1,1,1
539,0,2135,924,78,36,1,1,1,1
539,0,1818,930,72,31,1,1,1,1
539,0,1989,935,40,20,1,1,1,1
540,0,2138,924,78,36,1,1,1,1
540,0,1816,930,72,31,1,1,1,1
540,0,1988,935,40,20,1,1,1,1
541,0,2140,924,77,36,1,1,1,1
541,0,1813,930,73,31,1,1,1,1
541,0,1987,935,40,20,1,1,1,1
542,0,2143,924,77,36,1,1,1,1
542,0,1811,930,73,31,1,1,1,1
542,0,1985,935,40,19,1,1,1,1
543,0,2145,924,77,36,1,1,1,1
543,0,1808,930,73,31,1,1,1,1
543,0,1984,935,40,19,1,1,1,1
544,0,2147,924,77,36,1,1,1,1
544,0,1806,930,74,31,1,1,1,1
544,0,1982,935,40,19,1,1,1,1
545,0,2149,924,76,36,1,1,1,1
545,0,1803,930,74,31,1,1,1,1
545,0,1981,935,41,19,1,1,1,1
546,0,2152,924,76,36,1,1,1,1
546,0,1801,930,74,31,1,1,1,1
546,0,1980,935,41,19,1,1,1,1
547,0,2154,924,76,36,1,1,1,1
547,0,1798,930,75,31,1,1,1,1
547,0,1978,935,41,19,1,1,1,1
548,0,2156,924,75,36,1,1,1,1
548,0,1796,930,75,31,1,1,1,1
548,0,1977,935,41,19,1,1,1,1
549,0,2158,924,75,36,1,1,1,1
549,0,1794,930,76,31,1,1,1,1
549,0,1976,935,41,19,1,1,1,1
550,0,2161,924,74,36,1,1,1,1
550,0,1791,930,76,31,1,1,1,1
550,0,1974,935,41,19,1,1,1,1
551,0,2163,924,74,36,1,1,1,1
551,0,1789,930,76,31,1,1,1,1
551,0,1973,935,42,19,1,1,1,1
552,0,2165,924,74,36,1,1,1,1
552,0,1786,930,77,31,1,1,1,1
552,0,1972,935,42,19,1,1,1,1
553,0,2167,924,73,36,1,1,1,1
553,0,1784,930,77,31,1,1,1,1
553,0,1970,935,42,19,1,1,1,1
554,0,2170,924,73,36,1,1,1,1
554,0,1781,930,77,31,1,1,1,1
554,0,1969,935,42,19,1,1,1,1
555,0,2172,923,73,35,1,1,1,1
555,0,1779,930,78,31,1,1,1,1
555,0,1968,935,42,19,1,1,1,1
556,0,2174,923,72,35,1,1,1,1
556,0,1776,930,78,31,1,1,1,1
556,0,1966,935,42,19,1,1,1,1
557,0,2176,923,72,35,1,1,1,1
557,0,1774,930,78,31,1,1,1,1
557,0,1965,935,43,19,1,1,1,1
558,0,2178,923,72,35,1,1,1,1
558,0,1771,930,79,31,1,1,1,1
558,0,1964,935,43,19,1,1,1,1
559,0,2181,923,71,35,1,1,1,1
559,0,1769,930,79,31,1,1,1,1
559,0,1962,935,43,19,1,1,1,1
560,0,2183,923,71,35,1,1,1,1
560,0,1766,930,79,31,1,1,1,1
560,0,1961,935,43,19,1,1,1,1
561,0,2185,923,70,35,1,1,1,1
561,0,1764,930,79,31,1,1,1,1
561,0,1960,935,43,19,1,1,1,1
562,0,2187,923,70,35,1,1,1,1
562,0,1761,930,79,31,1,1,1,1
562,0,1958,935,43,19,1,1,1,1
563,0,2190,923,70,35,1,1,1,1
563,0,1759,930,79,31,1,1,1,1
563,0,1957,935,43,19,1,1,1,1
564,0,2192,923,69,35,1,1,1,1
564,0,1756,930,80,31,1,1,1,1
564,0,1955,935,43,19,1,1,1,1
565,0,2194,923,69,35,1,1,1,1
565,0,1753,930,80,31,1,1,1,1
565,0,1954,935,43,19,1,1,1,1
566,0,2196,923,69,35,1,1,1,1
566,0,1751,930,80,31,1,1,1,1
566,0,1952,935,44,19,1,1,1,1
567,0,2198,923,69,35,1,1,1,1
567,0,1748,930,80,31,1,1,1,1
567,0,1951,935,44,19,1,1,1,1
568,0,2200,923,68,35,1,1,1,1
568,0,1746,930,80,31,1,1,1,1
568,0,1949,935,44,19,1,1,1,1
569,0,2201,923,68,35,1,1,1,1
569,0,1743,930,80,31,1,1,1,1
569,0,1948,935,44,19,1,1,1,1
570,0,2203,923,68,35,1,1,1,1
570,0,1740,930,80,31,1,1,1,1
570,0,1946,935,44,19,1,1,1,1
571,0,2205,923,68,34,1,1,1,1
571,0,1738,930,80,32,1,1,1,1
571,0,1945,935,44,20,1,1,1,1
572,0,2207,923,68,34,1,1,1,1
572,0,1735,930,80,32,1,1,1,1
572,0,1943,935,44,20,1,1,1,1
573,0,2209,923,68,34,1,1,1,1
573,0,1733,930,81,32,1,1,1,1
573,0,1942,935,44,20,1,1,1,1
574,0,2211,923,67,34,1,1,1,1
574,0,1730,930,81,32,1,1,1,1
574,0,1940,935,44,20,1,1,1,1
575,0,2213,923,67,34,1,1,1,1
575,0,1727,930,81,32,1,1,1,1
575,0,1939,935,44,20,1,1,1,1
576,0,2215,923,67,34,1,1,1,1
576,0,1725,930,81,32,1,1,1,1
576,0,1937,935,44,20,1,1,1,1
577,0,2216,923,67,34,1,1,1,1
577,0,1722,930,81,32,1,1,1,1
577,0,1936,935,45,20,1,1,1,1
578,0,2218,923,67,34,1,1,1,1
578,0,1720,930,81,32,1,1,1,1
578,0,1934,935,45,20,1,1,1,1
579,0,2220,923,67,34,1,1,1,1
579,0,1717,930,81,32,1,1,1,1
579,0,1933,935,45,20,1,1,1,1
580,0,2222,923,66,34,1,1,1,1
580,0,1714,930,81,32,1,1,1,1
580,0,1931,935,45,20,1,1,1,1
581,0,2224,923,66,34,1,1,1,1
581,0,1712,930,81,32,1,1,1,1
581,0,1930,935,45,20,1,1,1,1
582,0,2226,923,66,34,1,1,1,1
582,0,1709,931,82,32,1,1,1,1
582,0,1929,936,45,20,1,1,1,1
583,0,2228,923,66,33,1,1,1,1
583,0,1707,931,82,32,1,1,1,1
583,0,1927,936,45,20,1,1,1,1
584,0,2230,923,66,33,1,1,1,1
584,0,1704,931,82,32,1,1,1,1
584,0,1926,936,45,20,1,1,1,1
585,0,2231,923,66,33,1,1,1,1
585,0,1701,931,82,32,1,1,1,1
585,0,1924,936,45,20,1,1,1,1
586,0,2233,923,65,33,1,1,1,1
586,0,1699,931,82,32,1,1,1,1
586,0,1923,936,45,20,1,1,1,1
587,0,2235,923,65,33,1,1,1,1
587,0,1696,931,82,32,1,1,1,1
587,0,1921,936,45,20,1,1,1,1
588,0,2237,923,65,33,1,1,1,1
588,0,1694,931,82,32,1,1,1,1
588,0,1920,936,46,20,1,1,1,1
589,0,2239,923,65,33,1,1,1,1
589,0,1691,931,82,32,1,1,1,1
589,0,1918,936,46,20,1,1,1,1
590,0,2240,923,65,33,1,1,1,1
590,0,1688,931,82,32,1,1,1,1
590,0,1917,936,46,20,1,1,1,1
591,0,2242,923,65,33,1,1,1,1
591,0,1686,931,83,32,1,1,1,1
591,0,1915,936,46,20,1,1,1,1
592,0,2243,923,64,33,1,1,1,1
592,0,1683,931,83,32,1,1,1,1
592,0,1914,936,46,20,1,1,1,1
593,0,2245,923,64,33,1,1,1,1
593,0,1681,931,83,33,1,1,1,1
593,0,1912,936,46,21,1,1,1,1
594,0,2246,923,64,33,1,1,1,1
594,0,1678,931,83,33,1,1,1,1
594,0,1911,936,46,21,1,1,1,1
595,0,2248,923,64,33,1,1,1,1
595,0,1675,931,83,33,1,1,1,1
595,0,1909,936,46,21,1,1,1,1
596,0,2249,923,64,32,1,1,1,1
596,0,1673,931,83,33,1,1,1,1
596,0,1908,936,46,21,1,1,1,1
597,0,2251,923,64,32,1,1,1,1
597,0,1670,931,83,33,1,1,1,1
597,0,1906,936,46,21,1,1,1,1
598,0,2252,923,64,32,1,1,1,1
598,0,1668,931,83,33,1,1,1,1
598,0,1905,936,46,21,1,1,1,1
599,0,2254,923,63,32,1,1,1,1
599,0,1665,931,83,33,1,1,1,1
599,0,1903,936,47,21,1,1,1,1
600,0,2255,923,63,32,1,1,1,1
600,0,1662,931,84,33,1,1,1,1
600,0,1902,936,47,21,1,1,1,1
601,0,2257,923,63,32,1,1,1,1
601,0,1660,931,84,33,1,1,1,1
601,0,1900,936,47,21,1,1,1,1
602,0,2258,923,63,32,1,1,1,1
602,0,1657,931,84,33,1,1,1,1
602,0,1899,936,47,21,1,1,1,1
603,0,2260,923,63,32,1,1,1,1
603,0,1655,931,84,33,1,1,1,1
603,0,1897,936,47,21,1,1,1,1
604,0,2261,923,63,32,1,1,1,1
604,0,1652,931,84,33,1,1,1,1
604,0,1896,936,47,21,1,1,1,1
605,0,2263,923,63,32,1,1,1,1
605,0,1649,931,84,33,1,1,1,1
605,0,1894,936,47,21,1,1,1,1
606,0,2264,923,62,32,1,1,1,1
606,0,1646,931,84,33,1,1,1,1
606,0,1893,936,47,21,1,1,1,1
607,0,2266,923,62,32,1,1,1,1
607,0,1643,931,85,33,1,1,1,1
607,0,1891,936,47,21,1,1,1,1
608,0,2268,923,62,32,1,1,1,1
608,0,1640,931,85,33,1,1,1,1
608,0,1889,936,47,21,1,1,1,1
609,0,2269,923,62,32,1,1,1,1
609,0,1637,931,85,33,1,1,1,1
609,0,1888,936,48,21,1,1,1,1
610,0,2271,923,62,31,1,1,1,1
610,0,1634,931,85,34,1,1,1,1
610,0,1886,936,48,21,1,1,1,1
611,0,2272,923,62,31,1,1,1,1
611,0,1631,931,86,34,1,1,1,1
611,0,1885,936,48,21,1,1,1,1
612,0,2274,923,62,31,1,1,1,1
612,0,1628,931,86,34,1,1,1,1
612,0,1883,936,48,21,1,1,1,1
613,0,2275,923,61,31,1,1,1,1
613,0,1625,931,86,34,1,1,1,1
613,0,1881,936,48,21,1,1,1,1
614,0,2277,923,61,31,1,1,1,1
614,0,1622,931,86,34,1,1,1,1
614,0,1880,936,48,21,1,1,1,1
615,0,2278,923,61,31,1,1,1,1
615,0,1618,930,87,34,1,1,1,1
615,0,1878,936,48,21,1,1,1,1
616,0,2280,923,61,31,1,1,1,1
616,0,1615,930,87,34,1,1,1,1
616,0,1876,936,48,21,1,1,1,1
617,0,2281,924,61,31,1,1,1,1
617,0,1612,930,87,34,1,1,1,1
617,0,1875,936,49,21,1,1,1,1
618,0,2283,924,61,31,1,1,1,1
618,0,1609,930,87,34,1,1,1,1
618,0,1873,936,49,21,1,1,1,1
619,0,2284,924,61,31,1,1,1,1
619,0,1606,930,88,34,1,1,1,1
619,0,1872,936,49,21,1,1,1,1
620,0,2286,924,61,31,1,1,1,1
620,0,1603,930,88,35,1,1,1,1
620,0,1870,936,49,21,1,1,1,1
621,0,2287,924,60,31,1,1,1,1
621,0,1600,930,88,35,1,1,1,1
621,0,1868,936,49,21,1,1,1,1
622,0,2289,924,60,31,1,1,1,1
622,0,1597,930,88,35,1,1,1,1
622,0,1867,936,49,21,1,1,1,1
623,0,2290,924,60,31,1,1,1,1
623,0,1594,930,89,35,1,1,1,1
623,0,1865,936,49,21,1,1,1,1
624,0,2292,924,60,30,1,1,1,1
624,0,1591,930,89,35,1,1,1,1
624,0,1863,936,49,21,1,1,1,1
625,0,2293,924,60,30,1,1,1,1
625,0,1588,930,89,35,1,1,1,1
625,0,1862,936,49,21,1,1,1,1
626,0,2295,924,60,30,1,1,1,1
626,0,1585,930,89,35,1,1,1,1
626,0,1860,937,50,22,1,1,1,1
627,0,2297,924,60,30,1,1,1,1
627,0,1581,930,90,35,1,1,1,1
627,0,1859,937,50,22,1,1,1,1
628,0,2298,924,59,30,1,1,1,1
628,0,1578,930,90,35,1,1,1,1
628,0,1857,937,50,22,1,1,1,1
629,0,2300,924,59,30,1,1,1,1
629,0,1574,930,90,35,1,1,1,1
629,0,1855,937,50,22,1,1,1,1
630,0,2301,924,59,30,1,1,1,1
630,0,1571,930,91,35,1,1,1,1
630,0,1854,937,50,22,1,1,1,1
631,0,2303,924,59,30,1,1,1,1
631,0,1567,930,91,36,1,1,1,1
631,0,1852,937,50,22,1,1,1,1
632,0,2304,924,59,30,1,1,1,1
632,0,1564,930,91,36,1,1,1,1
632,0,1850,937,50,22,1,1,1,1
633,0,2306,924,59,30,1,1,1,1
633,0,1560,930,92,36,1,1,1,1
633,0,1849,937,50,22,1,1,1,1
634,0,2307,924,59,30,1,1,1,1
634,0,1557,930,92,36,1,1,1,1
634,0,1847,937,50,22,1,1,1,1
635,0,2309,924,58,30,1,1,1,1
635,0,1553,930,93,36,1,1,1,1
635,0,1846,937,51,22,1,1,1,1
636,0,2310,924,58,30,1,1,1,1
636,0,1550,930,93,36,1,1,1,1
636,0,1844,937,51,22,1,1,1,1
637,0,2312,924,58,30,1,1,1,1
637,0,1547,930,93,36,1,1,1,1
637,0,1842,937,51,22,1,1,1,1
638,0,2313,924,58,29,1,1,1,1
638,0,1543,930,94,36,1,1,1,1
638,0,1841,937,51,22,1,1,1,1
639,0,2315,924,58,29,1,1,1,1
639,0,1540,930,94,36,1,1,1,1
639,0,1839,937,51,22,1,1,1,1
640,0,2316,924,58,29,1,1,1,1
640,0,1536,929,94,36,1,1,1,1
640,0,1837,937,51,22,1,1,1,1
641,0,2318,924,58,29,1,1,1,1
641,0,1533,929,95,36,1,1,1,1
641,0,1836,937,51,22,1,1,1,1
642,0,2319,924,57,29,1,1,1,1
642,0,1529,929,95,36,1,1,1,1
642,0,1834,937,51,22,1,1,1,1
643,0,2321,924,57,29,1,1,1,1
643,0,1526,929,95,37,1,1,1,1
643,0,1833,937,52,22,1,1,1,1
644,0,2322,924,57,29,1,1,1,1
644,0,1522,929,96,37,1,1,1,1
644,0,1831,937,52,22,1,1,1,1
645,0,2324,924,57,29,1,1,1,1
645,0,1519,929,96,37,1,1,1,1
645,0,1829,937,52,22,1,1,1,1
646,0,2325,924,57,29,1,1,1,1
646,0,1515,929,96,37,1,1,1,1
646,0,1828,937,52,22,1,1,1,1
647,0,2327,924,57,29,1,1,1,1
647,0,1512,929,97,37,1,1,1,1
647,0,1826,937,52,22,1,1,1,1
648,0,2328,924,57,29,1,1,1,1
648,0,1508,929,97,37,1,1,1,1
648,0,1824,937,52,22,1,1,1,1
648,0,1,909,25,85,1,1,1,1
649,0,2329,924,57,29,1,1,1,1
649,0,1505,929,98,37,1,1,1,1
649,0,1822,937,52,22,1,1,1,1
649,0,1,909,38,85,1,1,1,1
650,0,2331,924,57,29,1,1,1,1
650,0,1502,929,98,37,1,1,1,1
650,0,1821,937,52,22,1,1,1,1
650,0,1,909,52,85,1,1,1,1
651,0,2332,924,57,29,1,1,1,1
651,0,1498,929,98,37,1,1,1,1
651,0,1819,937,52,22,1,1,1,1
651,0,1,909,65,85,1,1,1,1
652,0,2333,924,56,29,1,1,1,1
652,0,1495,929,99,37,1,1,1,1
652,0,1817,937,52,22,1,1,1,1
652,0,1,909,79,85,1,1,1,1
653,0,2334,924,56,29,1,1,1,1
653,0,1491,929,99,37,1,1,1,1
653,0,1815,937,52,22,1,1,1,1
653,0,1,909,92,85,1,1,1,1
654,0,2336,924,56,29,1,1,1,1
654,0,1488,929,99,37,1,1,1,1
654,0,1814,937,52,22,1,1,1,1
654,0,1,909,106,85,1,1,1,1
655,0,2337,924,56,29,1,1,1,1
655,0,1484,929,100,38,1,1,1,1
655,0,1812,937,52,22,1,1,1,1
655,0,1,909,119,85,1,1,1,1
656,0,2338,924,56,29,1,1,1,1
656,0,1481,929,100,38,1,1,1,1
656,0,1810,937,52,22,1,1,1,1
656,0,1,909,133,85,1,1,1,1
657,0,2340,924,56,29,1,1,1,1
657,0,1477,929,100,38,1,1,1,1
657,0,1808,937,52,22,1,1,1,1
657,0,1,909,146,85,1,1,1,1
658,0,2341,924,56,29,1,1,1,1
658,0,1474,929,101,38,1,1,1,1
658,0,1806,937,53,22,1,1,1,1
658,0,1,909,160,85,1,1,1,1
659,0,2342,924,56,29,1,1,1,1
659,0,1470,929,101,38,1,1,1,1
659,0,1805,937,53,22,1,1,1,1
659,0,1,909,173,85,1,1,1,1
660,0,2344,924,56,29,1,1,1,1
660,0,1467,929,101,38,1,1,1,1
660,0,1803,937,53,22,1,1,1,1
660,0,1,909,187,85,1,1,1,1
661,0,2345,924,56,29,1,1,1,1
661,0,1464,929,102,38,1,1,1,1
661,0,1801,937,53,22,1,1,1,1
661,0,1,909,200,85,1,1,1,1
662,0,2346,924,56,29,1,1,1,1
662,0,1460,929,102,38,1,1,1,1
662,0,1799,937,53,22,1,1,1,1
662,0,1,909,214,85,1,1,1,1
663,0,2348,924,56,29,1,1,1,1
663,0,1457,929,103,38,1,1,1,1
663,0,1797,937,53,22,1,1,1,1
663,0,0,909,227,84,1,1,1,1
664,0,2349,924,55,28,1,1,1,1
664,0,1453,929,103,38,1,1,1,1
664,0,1796,937,53,22,1,1,1,1
664,0,0,909,240,84,1,1,1,1
665,0,2350,924,55,28,1,1,1,1
665,0,1450,929,103,38,1,1,1,1
665,0,1794,937,53,22,1,1,1,1
665,0,0,909,254,84,1,1,1,1
666,0,2351,924,55,28,1,1,1,1
666,0,1446,929,104,38,1,1,1,1
666,0,1792,937,53,22,1,1,1,1
666,0,0,909,267,84,1,1,1,1
667,0,2353,924,55,28,1,1,1,1
667,0,1443,929,104,39,1,1,1,1
667,0,1790,937,53,22,1,1,1,1
667,0,0,909,281,84,1,1,1,1
668,0,2354,924,55,28,1,1,1,1
668,0,1439,929,104,39,1,1,1,1
668,0,1789,938,53,23,1,1,1,1
668,0,0,909,294,84,1,1,1,1
669,0,2355,924,55,28,1,1,1,1
669,0,1436,929,105,39,1,1,1,1
669,0,1787,938,53,23,1,1,1,1
669,0,0,909,308,84,1,1,1,1
670,0,2357,924,55,28,1,1,1,1
670,0,1432,928,105,39,1,1,1,1
670,0,1785,938,53,23,1,1,1,1
670,0,0,909,321,84,1,1,1,1
671,0,2358,924,55,28,1,1,1,1
671,0,1429,928,105,39,1,1,1,1
671,0,1783,938,53,23,1,1,1,1
671,0,0,909,335,84,1,1,1,1
672,0,2359,924,55,28,1,1,1,1
672,0,1425,928,106,39,1,1,1,1
672,0,1781,938,53,23,1,1,1,1
672,0,0,909,348,84,1,1,1,1
673,0,2361,924,55,28,1,1,1,1
673,0,1422,928,106,39,1,1,1,1
673,0,1780,938,53,23,1,1,1,1
673,0,0,909,362,84,1,1,1,1
674,0,2362,924,55,28,1,1,1,1
674,0,1419,928,106,39,1,1,1,1
674,0,1778,938,53,23,1,1,1,1
674,0,0,909,375,84,1,1,1,1
675,0,2363,924,55,28,1,1,1,1
675,0,1415,928,107,39,1,1,1,1
675,0,1776,938,53,23,1,1,1,1
675,0,0,909,389,84,1,1,1,1
676,0,2364,924,54,28,1,1,1,1
676,0,1412,928,107,39,1,1,1,1
676,0,1774,938,53,23,1,1,1,1
676,0,0,909,402,84,1,1,1,1
677,0,2366,924,54,28,1,1,1,1
677,0,1408,928,108,39,1,1,1,1
677,0,1772,938,53,23,1,1,1,1
677,0,10,909,405,84,1,1,1,1
678,0,2367,924,54,28,1,1,1,1
678,0,1405,928,108,39,1,1,1,1
678,0,1771,938,53,23,1,1,1,1
678,0,23,909,403,84,1,1,1,1
679,0,2368,924,54,28,1,1,1,1
679,0,1401,928,108,40,1,1,1,1
679,0,1769,938,54,23,1,1,1,1
679,0,36,909,400,83,1,1,1,1
680,0,2370,924,54,28,1,1,1,1
680,0,1398,928,109,40,1,1,1,1
680,0,1767,938,54,23,1,1,1,1
680,0,49,910,398,83,1,1,1,1
681,0,2371,924,54,28,1,1,1,1
681,0,1394,928,109,40,1,1,1,1
681,0,1765,938,54,23,1,1,1,1
681,0,62,910,396,83,1,1,1,1
682,0,2372,924,54,28,1,1,1,1
682,0,1391,928,109,40,1,1,1,1
682,0,1764,938,54,23,1,1,1,1
682,0,75,910,394,83,1,1,1,1
683,0,2374,924,54,28,1,1,1,1
683,0,1387,928,110,40,1,1,1,1
683,0,1762,938,54,23,1,1,1,1
683,0,88,910,391,82,1,1,1,1
684,0,2375,924,54,28,1,1,1,1
684,0,1384,928,110,40,1,1,1,1
684,0,1760,938,54,23,1,1,1,1
684,0,102,910,389,82,1,1,1,1
685,0,2376,924,54,28,1,1,1,1
685,0,1380,928,110,40,1,1,1,1
685,0,1758,938,54,23,1,1,1,1
685,0,115,910,387,82,1,1,1,1
686,0,2378,924,54,28,1,1,1,1
686,0,1375,928,111,40,1,1,1,1
686,0,1756,938,54,23,1,1,1,1
686,0,128,911,384,82,1,1,1,1
687,0,2379,924,54,28,1,1,1,1
687,0,1371,928,111,40,1,1,1,1
687,0,1755,938,54,23,1,1,1,1
687,0,141,911,382,81,1,1,1,1
688,0,2380,924,54,28,1,1,1,1
688,0,1367,928,112,40,1,1,1,1
688,0,1753,938,54,23,1,1,1,1
688,0,154,911,380,81,1,1,1,1
689,0,2382,924,54,28,1,1,1,1
689,0,1362,928,112,40,1,1,1,1
689,0,1751,938,54,23,1,1,1,1
689,0,167,911,377,81,1,1,1,1
690,0,2383,924,53,28,1,1,1,1
690,0,1358,928,113,40,1,1,1,1
690,0,1750,938,54,23,1,1,1,1
690,0,180,911,375,81,1,1,1,1
691,0,2384,924,53,28,1,1,1,1
691,0,1354,928,113,41,1,1,1,1
691,0,1748,938,54,23,1,1,1,1
691,0,193,912,373,80,1,1,1,1
692,0,2385,924,53,28,1,1,1,1
692,0,1349,928,114,41,1,1,1,1
692,0,1747,938,55,23,1,1,1,1
692,0,206,912,371,80,1,1,1,1
693,0,2387,924,53,28,1,1,1,1
693,0,1345,928,114,41,1,1,1,1
693,0,1745,938,55,23,1,1,1,1
693,0,219,912,368,80,1,1,1,1
694,0,2388,924,53,28,1,1,1,1
694,0,1341,928,114,41,1,1,1,1
694,0,1744,938,55,23,1,1,1,1
694,0,232,912,366,80,1,1,1,1
695,0,2389,924,53,27,1,1,1,1
695,0,1336,928,115,41,1,1,1,1
695,0,1742,938,55,23,1,1,1,1
695,0,245,912,364,79,1,1,1,1
696,0,2391,924,53,27,1,1,1,1
696,0,1332,928,115,41,1,1,1,1
696,0,1740,938,55,23,1,1,1,1
696,0,258,913,361,79,1,1,1,1
697,0,2392,924,53,27,1,1,1,1
697,0,1328,928,116,41,1,1,1,1
697,0,1738,938,55,23,1,1,1,1
697,0,271,913,359,79,1,1,1,1
698,0,2393,924,53,27,1,1,1,1
698,0,1323,928,116,41,1,1,1,1
698,0,1736,938,55,23,1,1,1,1
698,0,285,913,357,79,1,1,1,1
699,0,2395,924,53,27,1,1,1,1
699,0,1319,928,117,41,1,1,1,1
699,0,1734,938,56,23,1,1,1,1
699,0,298,913,354,78,1,1,1,1
700,0,2396,924,53,27,1,1,1,1
700,0,1315,928,117,41,1,1,1,1
700,0,1732,938,56,23,1,1,1,1
700,0,311,913,352,78,1,1,1,1
701,0,2397,924,53,27,1,1,1,1
701,0,1310,928,118,41,1,1,1,1
701,0,1730,938,56,23,1,1,1,1
701,0,324,913,350,78,1,1,1,1
702,0,2399,923,53,27,1,1,1,1
702,0,1306,928,118,41,1,1,1,1
702,0,1727,938,56,23,1,1,1,1
702,0,337,914,348,78,1,1,1,1
703,0,2400,923,53,27,1,1,1,1
703,0,1302,928,119,42,1,1,1,1
703,0,1725,938,56,24,1,1,1,1
703,0,350,914,345,77,1,1,1,1
704,0,2401,923,53,27,1,1,1,1
704,0,1297,927,119,42,1,1,1,1
704,0,1723,938,56,24,1,1,1,1
704,0,363,914,343,77,1,1,1,1
705,0,2403,923,53,27,1,1,1,1
705,0,1293,927,119,42,1,1,1,1
705,0,1721,938,57,24,1,1,1,1
705,0,374,914,341,77,1,1,1,1
706,0,2404,923,52,27,1,1,1,1
706,0,1288,927,120,42,1,1,1,1
706,0,1719,938,57,24,1,1,1,1
706,0,386,914,340,76,1,1,1,1
707,0,2405,923,52,27,1,1,1,1
707,0,1284,927,120,42,1,1,1,1
707,0,1717,938,57,24,1,1,1,1
707,0,397,915,338,76,1,1,1,1
708,0,2407,923,52,27,1,1,1,1
708,0,1280,927,121,42,1,1,1,1
708,0,1715,938,57,24,1,1,1,1
708,0,408,915,337,76,1,1,1,1
709,0,2408,923,52,27,1,1,1,1
709,0,1275,927,121,42,1,1,1,1
709,0,1713,938,57,24,1,1,1,1
709,0,419,915,335,76,1,1,1,1
710,0,2409,923,52,27,1,1,1,1
710,0,1271,927,122,42,1,1,1,1
710,0,1711,938,57,24,1,1,1,1
710,0,431,915,334,75,1,1,1,1
711,0,2411,923,52,27,1,1,1,1
711,0,1267,927,122,42,1,1,1,1
711,0,1709,938,57,24,1,1,1,1
711,0,442,916,332,75,1,1,1,1
712,0,2412,923,52,27,1,1,1,1
712,0,1262,927,123,42,1,1,1,1
712,0,1707,938,58,24,1,1,1,1
712,0,453,916,330,75,1,1,1,1
713,0,2413,923,52,27,1,1,1,1
713,0,1258,927,123,42,1,1,1,1
713,0,1705,938,58,24,1,1,1,1
713,0,465,916,329,74,1,1,1,1
714,0,2414,923,52,27,1,1,1,1
714,0,1254,927,123,42,1,1,1,1
714,0,1702,938,58,24,1,1,1,1
714,0,476,916,327,74,1,1,1,1
715,0,2416,923,52,27,1,1,1,1
715,0,1249,927,124,42,1,1,1,1
715,0,1700,938,58,24,1,1,1,1
715,0,487,916,326,74,1,1,1,1
716,0,2417,923,52,27,1,1,1,1
716,0,1245,927,124,43,1,1,1,1
716,0,1698,938,58,24,1,1,1,1
716,0,498,917,324,74,1,1,1,1
717,0,2418,923,52,27,1,1,1,1
717,0,1241,927,125,43,1,1,1,1
717,0,1696,938,58,24,1,1,1,1
717,0,510,917,323,73,1,1,1,1
718,0,2420,923,52,27,1,1,1,1
718,0,1236,927,125,43,1,1,1,1
718,0,1694,938,58,25,1,1,1,1
718,0,521,917,321,73,1,1,1,1
719,0,2421,923,52,27,1,1,1,1
719,0,1232,927,126,43,1,1,1,1
719,0,1692,938,59,25,1,1,1,1
719,0,532,917,320,73,1,1,1,1
720,0,2422,923,52,27,1,1,1,1
720,0,1228,927,126,43,1,1,1,1
720,0,1690,938,59,25,1,1,1,1
720,0,542,917,318,73,1,1,1,1
721,0,2424,923,52,27,1,1,1,1
721,0,1223,927,127,43,1,1,1,1
721,0,1688,938,59,25,1,1,1,1
721,0,553,918,317,72,1,1,1,1
722,0,2425,923,52,27,1,1,1,1
722,0,1219,927,127,43,1,1,1,1
722,0,1686,938,59,25,1,1,1,1
722,0,563,918,316,72,1,1,1,1
723,0,2426,923,51,26,1,1,1,1
723,0,1214,927,127,43,1,1,1,1
723,0,1684,938,59,25,1,1,1,1
723,0,574,918,314,72,1,1,1,1
724,0,2428,923,51,26,1,1,1,1
724,0,1210,927,127,43,1,1,1,1
724,0,1682,938,59,25,1,1,1,1
724,0,584,918,313,72,1,1,1,1
725,0,2429,923,51,26,1,1,1,1
725,0,1205,927,128,43,1,1,1,1
725,0,1680,938,60,25,1,1,1,1
725,0,595,919,312,71,1,1,1,1
726,0,2430,923,51,26,1,1,1,1
726,0,1201,927,128,43,1,1,1,1
726,0,1677,937,60,25,1,1,1,1
726,0,605,919,310,71,1,1,1,1
727,0,2432,923,51,26,1,1,1,1
727,0,1196,927,128,43,1,1,1,1
727,0,1675,937,60,25,1,1,1,1
727,0,616,919,309,71,1,1,1,1
728,0,2433,923,51,26,1,1,1,1
728,0,1192,927,128,44,1,1,1,1
728,0,1673,937,60,25,1,1,1,1
728,0,625,919,307,71,1,1,1,1
729,0,2434,923,51,26,1,1,1,1
729,0,1187,927,128,44,1,1,1,1
729,0,1671,937,60,25,1,1,1,1
729,0,635,919,305,71,1,1,1,1
730,0,2436,923,51,26,1,1,1,1
730,0,1183,927,128,44,1,1,1,1
730,0,1669,937,60,25,1,1,1,1
730,0,644,919,303,70,1,1,1,1
731,0,2437,923,51,26,1,1,1,1
731,0,1178,927,129,44,1,1,1,1
731,0,1667,937,60,25,1,1,1,1
731,0,654,919,301,70,1,1,1,1
732,0,2438,923,51,26,1,1,1,1
732,0,1174,927,129,44,1,1,1,1
732,0,1665,937,61,25,1,1,1,1
732,0,663,919,299,70,1,1,1,1
733,0,2439,923,51,26,1,1,1,1
733,0,1169,927,129,44,1,1,1,1
733,0,1663,937,61,26,1,1,1,1
733,0,673,919,297,70,1,1,1,1
734,0,2441,923,51,26,1,1,1,1
734,0,1164,927,130,44,1,1,1,1
734,0,1661,937,61,26,1,1,1,1
734,0,682,919,295,69,1,1,1,1
735,0,2442,923,51,26,1,1,1,1
735,0,1159,927,130,44,1,1,1,1
735,0,1659,937,61,26,1,1,1,1
735,0,692,919,293,69,1,1,1,1
736,0,2443,923,51,26,1,1,1,1
736,0,1154,927,131,44,1,1,1,1
736,0,1657,937,61,26,1,1,1,1
736,0,701,919,291,69,1,1,1,1
737,0,2445,923,51,26,1,1,1,1
737,0,1149,928,131,44,1,1,1,1
737,0,1655,937,61,26,1,1,1,1
737,0,710,919,289,69,1,1,1,1
738,0,2446,923,51,26,1,1,1,1
738,0,1144,928,132,44,1,1,1,1
738,0,1652,937,61,26,1,1,1,1
738,0,720,919,287,69,1,1,1,1
739,0,2447,923,50,26,1,1,1,1
739,0,1139,928,132,44,1,1,1,1
739,0,1650,937,62,26,1,1,1,1
739,0,729,919,285,68,1,1,1,1
740,0,2449,923,50,26,1,1,1,1
740,0,1134,928,133,44,1,1,1,1
740,0,1648,937,62,26,1,1,1,1
740,0,739,919,283,68,1,1,1,1
741,0,2450,923,50,26,1,1,1,1
741,0,1130,928,133,44,1,1,1,1
741,0,1646,937,62,26,1,1,1,1
741,0,748,920,280,68,1,1,1,1
742,0,2451,923,50,26,1,1,1,1
742,0,1125,928,134,43,1,1,1,1
742,0,1644,937,62,26,1,1,1,1
742,0,758,920,278,68,1,1,1,1
743,0,2453,922,50,26,1,1,1,1
743,0,1120,928,134,43,1,1,1,1
743,0,1642,937,62,26,1,1,1,1
743,0,767,920,276,67,1,1,1,1
744,0,2454,922,50,26,1,1,1,1
744,0,1115,928,135,43,1,1,1,1
744,0,1640,937,62,26,1,1,1,1
744,0,777,920,274,67,1,1,1,1
745,0,2455,922,50,26,1,1,1,1
745,0,1110,929,135,43,1,1,1,1
745,0,1638,937,63,26,1,1,1,1
745,0,786,920,272,67,1,1,1,1
746,0,2457,922,50,26,1,1,1,1
746,0,1105,929,136,43,1,1,1,1
746,0,1636,937,63,26,1,1,1,1
746,0,795,920,270,67,1,1,1,1
747,0,2458,922,50,26,1,1,1,1
747,0,1100,929,136,43,1,1,1,1
747,0,1634,937,63,26,1,1,1,1
747,0,805,920,268,67,1,1,1,1
748,0,2459,922,50,26,1,1,1,1
748,0,1095,929,137,43,1,1,1,1
748,0,1632,937,63,27,1,1,1,1
748,0,814,920,266,66,1,1,1,1
749,0,2461,922,50,26,1,1,1,1
749,0,1090,929,137,43,1,1,1,1
749,0,1630,937,63,27,1,1,1,1
749,0,824,920,264,66,1,1,1,1
750,0,2462,922,50,25,1,1,1,1
750,0,1084,929,138,43,1,1,1,1
750,0,1627,937,63,27,1,1,1,1
750,0,833,920,262,66,1,1,1,1
751,0,2463,922,50,25,1,1,1,1
751,0,1079,929,138,43,1,1,1,1
751,0,1625,937,63,27,1,1,1,1
751,0,843,920,260,66,1,1,1,1
752,0,2465,922,50,25,1,1,1,1
752,0,1073,929,139,43,1,1,1,1
752,0,1623,937,64,27,1,1,1,1
752,0,852,920,258,65,1,1,1,1
753,0,2466,922,50,25,1,1,1,1
753,0,1068,929,139,43,1,1,1,1
753,0,1621,937,64,27,1,1,1,1
753,0,862,920,256,65,1,1,1,1
754,0,2467,922,50,25,1,1,1,1
754,0,1062,929,140,43,1,1,1,1
754,0,1619,937,64,27,1,1,1,1
754,0,871,920,254,65,1,1,1,1
755,0,2468,922,49,25,1,1,1,1
755,0,1056,930,140,43,1,1,1,1
755,0,1617,937,64,27,1,1,1,1
755,0,879,920,253,65,1,1,1,1
756,0,2470,922,49,25,1,1,1,1
756,0,1051,930,141,43,1,1,1,1
756,0,1615,937,64,27,1,1,1,1
756,0,888,920,252,65,1,1,1,1
757,0,2471,922,49,25,1,1,1,1
757,0,1045,930,141,43,1,1,1,1
757,0,1612,937,65,27,1,1,1,1
757,0,896,920,251,64,1,1,1,1
758,0,2472,922,49,25,1,1,1,1
758,0,1040,930,142,42,1,1,1,1
758,0,1610,937,65,27,1,1,1,1
758,0,905,920,250,64,1,1,1,1
759,0,2474,922,49,25,1,1,1,1
759,0,1034,930,142,42,1,1,1,1
759,0,1607,937,65,27,1,1,1,1
759,0,913,920,249,64,1,1,1,1
760,0,2475,922,49,25,1,1,1,1
760,0,1028,930,143,42,1,1,1,1
760,0,1605,937,65,27,1,1,1,1
760,0,922,921,248,64,1,1,1,1
761,0,2476,922,49,25,1,1,1,1
761,0,1023,930,143,42,1,1,1,1
761,0,1602,937,66,27,1,1,1,1
761,0,930,921,247,64,1,1,1,1
762,0,2478,922,49,25,1,1,1,1
762,0,1017,930,144,42,1,1,1,1
762,0,1600,937,66,27,1,1,1,1
762,0,939,921,246,64,1,1,1,1
763,0,2479,922,49,25,1,1,1,1
763,0,1012,930,144,42,1,1,1,1
763,0,1597,937,66,27,1,1,1,1
763,0,947,921,245,63,1,1,1,1
764,0,2480,922,49,25,1,1,1,1
764,0,1006,930,145,42,1,1,1,1
764,0,1595,937,66,27,1,1,1,1
764,0,956,921,244,63,1,1,1,1
765,0,2481,922,49,25,1,1,1,1
765,0,1001,931,145,42,1,1,1,1
765,0,1592,937,67,27,1,1,1,1
765,0,964,921,243,63,1,1,1,1
766,0,2482,922,49,25,1,1,1,1
766,0,995,931,146,42,1,1,1,1
766,0,1590,937,67,27,1,1,1,1
766,0,972,921,242,63,1,1,1,1
767,0,2483,921,49,26,1,1,1,1
767,0,989,931,146,42,1,1,1,1
767,0,1587,937,67,27,1,1,1,1
767,0,979,921,241,63,1,1,1,1
768,0,2484,921,49,26,1,1,1,1
768,0,984,931,147,42,1,1,1,1
768,0,1585,938,68,27,1,1,1,1
768,0,987,921,240,62,1,1,1,1
769,0,2485,921,49,26,1,1,1,1
769,0,978,931,147,42,1,1,1,1
769,0,1583,938,68,27,1,1,1,1
769,0,995,921,239,62,1,1,1,1
770,0,2487,921,50,26,1,1,1,1
770,0,973,931,148,42,1,1,1,1
770,0,1580,938,68,27,1,1,1,1
770,0,1002,921,237,62,1,1,1,1
771,0,2488,921,50,26,1,1,1,1
771,0,967,931,148,42,1,1,1,1
771,0,1578,938,68,27,1,1,1,1
771,0,1010,921,236,62,1,1,1,1
772,0,2489,921,50,26,1,1,1,1
772,0,961,931,149,42,1,1,1,1
772,0,1575,938,69,27,1,1,1,1
772,0,1017,921,235,61,1,1,1,1
773,0,2490,921,50,26,1,1,1,1
773,0,956,931,149,42,1,1,1,1
773,0,1573,938,69,27,1,1,1,1
773,0,1025,922,234,61,1,1,1,1
774,0,2491,920,50,27,1,1,1,1
774,0,950,931,150,41,1,1,1,1
774,0,1570,938,69,27,1,1,1,1
774,0,1033,922,233,61,1,1,1,1
775,0,2492,920,50,27,1,1,1,1
775,0,945,931,150,41,1,1,1,1
775,0,1568,938,69,27,1,1,1,1
775,0,1040,922,232,61,1,1,1,1
776,0,2493,920,50,27,1,1,1,1
776,0,939,932,151,41,1,1,1,1
776,0,1565,938,70,27,1,1,1,1
776,0,1048,922,231,60,1,1,1,1
777,0,2494,920,50,27,1,1,1,1
777,0,933,932,151,41,1,1,1,1
777,0,1563,938,70,27,1,1,1,1
777,0,1056,922,230,60,1,1,1,1
778,0,2496,920,48,27,1,1,1,1
778,0,928,932,152,41,1,1,1,1
778,0,1560,938,70,27,1,1,1,1
778,0,1063,922,228,60,1,1,1,1
779,0,2498,921,45,26,1,1,1,1
779,0,922,932,152,41,1,1,1,1
779,0,1558,938,70,27,1,1,1,1
779,0,1071,922,227,60,1,1,1,1
780,0,2499,921,43,26,1,1,1,1
780,0,917,932,153,41,1,1,1,1
780,0,1555,938,71,27,1,1,1,1
780,0,1078,922,226,59,1,1,1,1
781,0,2501,921,40,25,1,1,1,1
781,0,911,932,153,41,1,1,1,1
781,0,1553,938,71,27,1,1,1,1
781,0,1086,922,225,59,1,1,1,1
